prediction;label
0.84465104;1
0.9780571;1
0.46520817;0
0.8592224;1
0.61894083;1
0.9227405;1
0.79475856;1
0.6601811;1
0.7616903;0
0.97728556;1
0.88861877;0
0.99839336;1
0.5603706;1
0.5327753;1
0.8899511;1
0.35448706;0
0.78681624;0
0.94846094;1
0.91126114;0
0.9408475;1
0.67369133;1
0.8652231;1
0.4161239;0
0.66331416;0
0.5637439;1
0.9818034;1
0.9360759;0
0.9467283;1
0.8133047;1
0.7454369;1
0.99047333;1
0.8791765;1
0.73256403;1
0.5053093;0
0.7360648;0
0.7017709;1
0.99929726;1
0.8600603;1
0.36288127;0
0.97852635;1
0.9794503;1
0.75510174;1
0.23160407;0
0.95953125;0
0.61017233;1
0.7564093;1
0.90614134;1
0.97704995;0
0.8469559;0
0.68995917;1
0.85748714;0
0.90095925;1
0.8691243;1
0.84863454;1
0.73158306;1
0.29644907;0
0.6451112;1
0.7847704;0
0.9683903;0
0.9899548;1
0.8127563;0
0.5864344;1
0.92673707;0
0.8366798;1
0.92070925;1
0.70015377;1
0.94291145;0
0.8429037;0
0.1027134;0
0.5210665;0
0.13837413;0
0.9853505;0
0.58153987;0
0.5993008;0
0.6794246;0
0.5909465;1
0.93042505;1
0.93261325;1
0.72003067;0
0.9060974;1
0.99325037;1
0.90913147;0
0.45885962;1
0.82641643;0
0.88432425;0
0.68726104;0
0.93667394;1
0.918145;0
0.97659177;1
0.56221753;0
0.9016248;0
0.98074955;1
0.910243;1
0.98789424;1
0.9365457;1
0.9247969;1
0.3735955;0
0.3541642;0
0.37710267;0
0.5446394;1
0.2987531;0
0.29507923;0
0.9496972;1
0.9446987;1
0.982621;1
0.86214787;1
0.5826902;0
0.89942396;1
0.58475775;0
0.9327173;1
0.98081344;0
0.9959629;1
0.9744288;1
0.9330111;1
0.8143755;0
0.99355716;1
0.9140258;1
0.9970797;1
0.81065106;0
0.94983625;1
0.9394168;1
0.8164145;1
0.92396325;1
0.8066368;0
0.9112779;0
0.8652369;1
0.6790124;1
0.498712;0
0.4945798;0
0.5896417;0
0.6473649;1
0.96631384;1
0.5145777;0
0.92739695;1
0.94735974;1
0.9688995;1
0.2561433;0
0.9860312;1
0.34218702;1
0.9738298;1
0.9965816;1
0.8529247;1
0.83320934;1
0.76492274;1
0.92457926;0
0.93022954;1
0.2210119;0
0.72754914;0
0.7167638;1
0.999253;1
0.9583002;1
0.049398683;0
0.8481427;0
0.10889964;0
0.8629845;1
0.8797485;1
0.98344016;0
0.42825997;1
0.968871;1
0.13658306;0
0.7309693;1
0.93172085;1
0.8777835;0
0.57079303;0
0.9921176;1
0.9985759;1
0.84700173;1
0.6970553;1
0.8502559;0
0.56731534;0
0.9959125;1
0.8825491;1
0.531457;0
0.51145196;0
0.9998708;1
0.973882;1
0.35495442;0
0.99662566;1
0.539408;1
0.95193326;1
0.14681095;1
0.97681797;1
0.30683857;1
0.5368669;0
0.6466542;0
0.9934343;1
0.97665477;0
0.99200386;1
0.70574963;0
0.83390534;0
0.88593376;1
0.6422996;0
0.73041236;1
0.9121963;1
0.73195964;0
0.9969073;1
0.71815246;0
0.8192413;1
0.8338713;1
0.75301266;0
0.6272045;0
0.998007;1
0.7166772;1
0.63177735;1
0.76350224;0
0.732851;1
0.99120164;1
0.52368975;1
0.6123691;0
0.9838008;1
0.5314829;1
0.9051217;1
0.9208314;1
0.7921429;0
0.9658849;0
0.976014;1
0.960951;1
0.9457225;1
0.931621;1
0.98328376;1
0.6949096;0
0.9864324;0
0.822786;1
0.6423891;0
0.57659745;0
0.984467;1
0.8118153;0
0.67281616;1
0.7759069;1
0.21047497;0
0.49540055;1
0.5836858;0
0.7985017;1
0.9808111;0
0.9833627;1
0.7537349;1
0.8417806;0
0.58620685;1
0.96424794;1
0.62752664;0
0.9779367;1
0.7184352;1
0.96510893;1
0.4728138;1
0.9742555;0
0.40730146;1
0.59168977;0
0.8331018;1
0.4667478;0
0.8933596;1
0.8526824;1
0.9971644;1
0.8560601;1
0.8344921;1
0.9997583;1
0.16770712;0
0.7358345;0
0.72430336;0
0.49671257;1
0.96047336;0
0.8385877;1
0.847367;0
0.9052749;1
0.9906843;1
0.86481893;1
0.811366;1
0.9745729;1
0.95374435;1
0.91073173;1
0.31837383;1
0.99413633;0
0.18388554;0
0.8681018;1
0.9001294;1
0.6232018;0
0.74772656;0
0.6418602;1
0.8429637;1
0.3470169;0
0.5870069;1
0.92202944;0
0.83110327;0
0.8775496;0
0.6887823;0
0.8901244;0
0.89345104;1
0.18605798;0
0.9481007;1
0.8404415;1
0.8421502;0
0.48913938;0
0.98485863;0
0.9845878;0
0.85648686;0
0.7130341;0
0.82213616;1
0.46701568;0
0.73015314;1
0.7060546;0
0.41965255;1
0.7881347;1
0.38695717;0
0.09562624;0
0.12668802;1
0.6838166;1
0.8010636;1
0.41410065;1
0.99736816;1
0.3252966;1
0.96484715;1
0.74814045;1
0.99847716;1
0.6781494;1
0.97984785;1
0.94394416;1
0.98322475;1
0.8847003;0
0.83785135;0
0.5937877;0
0.6368959;1
0.89538044;0
0.8929036;1
0.7732595;0
0.84803426;0
0.9776869;0
0.9171356;1
0.48760593;0
0.4166051;0
0.9606105;1
0.99878186;1
0.4883564;0
0.4266336;0
0.75011784;1
0.9599224;1
0.97751266;0
0.29559153;1
0.8371712;0
0.8795266;0
0.34735683;0
0.796113;1
0.8156686;1
0.97694093;1
0.18717484;0
0.9041061;1
0.87146896;0
0.97658235;1
0.7949153;1
0.48266426;0
0.6502504;1
0.8973955;0
0.89937717;1
0.9935463;1
0.70020896;1
0.944814;1
0.9784469;0
0.49557516;0
0.45973828;0
0.9894565;1
0.14633922;0
0.94767386;1
0.9449559;1
0.9783456;0
0.400915;0
0.9878749;1
0.62445503;0
0.9763382;0
0.38600436;0
0.4842906;0
0.8140809;1
0.57847184;0
0.9239598;1
0.9859724;1
0.82489336;1
0.74272394;0
0.7593446;1
0.9374479;1
0.51373476;1
0.82857084;0
0.9814026;1
0.9457025;1
0.9758817;1
0.95309156;0
0.96768534;1
0.19725434;0
0.12613203;0
0.98517275;1
0.5170057;0
0.9914731;1
0.22460361;0
0.3426718;0
0.9599581;1
0.8497813;0
0.97596836;1
0.9990157;0
0.5836629;1
0.88324434;1
0.98164177;1
0.42770445;1
0.9743313;1
0.9064635;1
0.6905836;0
0.91389817;1
0.999474;1
0.38151515;1
0.97166425;1
0.98611474;1
0.8253124;1
0.63870066;1
0.41645813;0
0.9983127;1
0.56196517;1
0.42464796;1
0.9963552;1
0.7611172;0
0.91867936;1
0.6656363;1
0.9108584;0
0.86553264;0
0.83372736;1
0.8352715;0
0.9287965;1
0.7292453;1
0.990184;1
0.9443088;1
0.461982;0
0.5192105;1
0.29739553;0
0.50090855;1
0.9308209;1
0.8589819;1
0.6568103;1
0.98745847;1
0.92548347;0
0.6339559;1
0.87778175;0
0.8604787;1
0.98757786;0
0.8288714;1
0.57767093;0
0.99076825;1
0.86052203;0
0.82642126;1
0.598359;1
0.9748906;1
0.08583196;0
0.9900855;1
0.6395511;0
0.8177209;1
0.4109981;0
0.72600293;0
0.9706459;1
0.56144434;0
0.8268689;0
0.6720291;0
0.25861079;0
0.65927273;1
0.959733;0
0.9424245;1
0.4766948;1
0.8239176;0
0.59456885;0
0.90646577;1
0.5536959;1
0.733167;1
0.8916138;0
0.12805443;0
0.9575198;1
0.960829;1
0.93202645;1
0.9896372;1
0.5509574;1
0.8559011;1
0.70075226;1
0.5452184;1
0.45664656;1
0.27370185;0
0.998216;1
0.66398895;1
0.9965042;1
0.99648106;1
0.9513607;1
0.9419105;1
0.61085343;1
0.66530085;0
0.6740092;1
0.7840468;0
0.827308;1
0.9516389;1
0.9675666;1
0.7677456;0
0.9885771;1
0.70222336;1
0.7765577;1
0.97418696;1
0.84072614;0
0.98601764;1
0.9667372;1
0.80642307;1
0.9260402;1
0.5862511;1
0.5238577;0
0.9441428;1
0.8968217;1
0.84300834;1
0.96785295;1
0.98754174;1
0.99339443;0
0.38585162;0
0.79358375;1
0.9642179;1
0.9953105;1
0.5718271;1
0.339806;0
0.56962264;0
0.7703912;0
0.6608474;0
0.9987135;1
0.8077112;0
0.7232295;1
0.71322685;1
0.9720532;1
0.86812335;1
0.77771187;0
0.73090035;0
0.9654359;1
0.39094737;0
0.85650355;0
0.75959736;0
0.26113018;0
0.6996782;0
0.98938155;0
0.9885394;1
0.9853055;1
0.8251446;1
0.7327334;0
0.41156322;0
0.4221682;0
0.9897704;1
0.96513003;1
0.90623385;1
0.26092416;0
0.99142915;1
0.8124182;1
0.947174;1
0.96375626;1
0.89505285;1
0.9187769;1
0.119380444;0
0.8117293;1
0.8391036;1
0.8954889;1
0.49370494;0
0.96110785;1
0.9957515;1
0.810901;1
0.7954945;0
0.8806025;1
0.99923074;1
0.69445676;0
0.8830495;0
0.8664649;1
0.87930995;1
0.6040975;1
0.99674076;1
0.6594899;1
0.8338981;1
0.9633333;1
0.9797403;1
0.44952816;0
0.7782289;1
0.88880074;1
0.95862246;1
0.95394915;1
0.3379069;0
0.5932095;1
0.99815494;1
0.46447363;0
0.4637202;0
0.96332943;1
0.6085432;0
0.6618042;1
0.51632625;0
0.59682524;0
0.82953674;0
0.10108182;0
0.64667714;1
0.57331496;0
0.75551975;1
0.57759506;0
0.72431976;1
0.79123896;1
0.90677804;1
0.51522434;1
0.5482727;1
0.81802905;0
0.8566967;0
0.76655114;1
0.74941826;0
0.9811163;1
0.8163648;1
0.53266984;0
0.7962086;1
0.9891139;0
0.96773094;1
0.9987186;1
0.84016305;0
0.5841308;1
0.9801728;1
0.9059009;1
0.8216229;0
0.5959333;0
0.8755338;1
0.92536545;1
0.7596278;1
0.5468225;1
0.29101807;0
0.9600838;1
0.805288;0
0.5923995;1
0.9062784;0
0.7470476;0
0.7112718;1
0.81238216;1
0.48938847;0
0.12661618;0
0.7254943;1
0.91950375;1
0.95366204;1
0.5212686;0
0.99999654;1
0.94444203;1
0.6831748;1
0.83426946;1
0.95333564;1
0.9074209;1
0.98850864;1
0.91782004;0
0.8212821;0
0.68738705;1
0.97781676;1
0.27221137;0
0.94743633;1
0.24642076;0
0.9708656;1
0.78142756;1
0.32939154;0
0.72309834;0
0.659432;0
0.844464;1
0.8086274;1
0.57210547;1
0.97719383;1
0.95454234;0
0.592687;0
0.7906382;1
0.96374613;1
0.3383043;0
0.90477407;1
0.74567175;1
0.96240544;1
0.92695516;1
0.6438525;0
0.8162154;0
0.4035045;0
0.8769285;0
0.8890163;1
0.8183051;1
0.8159174;0
0.36770183;0
0.67192006;1
0.42962664;1
0.93462336;1
0.59778535;0
0.45205346;0
0.648593;1
0.4884497;1
0.6984578;1
0.78439295;1
0.8602427;0
0.8668759;1
0.80609775;0
0.86942554;1
0.6778052;1
0.9864399;1
0.93086827;1
0.8101559;1
0.48286587;1
0.8582526;0
0.97847843;0
0.5609399;1
0.6281997;0
0.13332574;0
0.8378061;0
0.74844325;0
0.8133242;1
0.7192966;1
0.94192445;0
0.15231054;0
0.9352011;1
0.89155805;0
0.6808812;0
0.60361165;1
0.31620228;0
0.9024051;1
0.93860936;1
0.9998857;1
0.92526644;1
0.9642189;1
0.35138744;1
0.9997427;1
0.9946268;1
0.93199587;1
0.87477666;1
0.59676826;1
0.9553815;1
0.8256173;1
0.9913748;1
0.9976041;1
0.4800717;0
0.953342;0
0.8417753;1
0.8073565;1
0.97086155;1
0.988035;1
0.36434355;1
0.8679918;1
0.6763624;1
0.9137779;1
0.79389733;1
0.43938413;1
0.9494462;1
0.6939872;1
0.94123095;0
0.20315114;0
0.40959725;1
0.9227405;1
0.70853233;1
0.95918137;1
0.9887965;1
0.21211661;1
0.690446;1
0.27672926;0
0.98378205;1
0.90788925;0
0.284286;1
0.9169176;1
0.8035433;1
0.9396136;1
0.93654937;1
0.7622923;0
0.92242897;0
0.80148494;0
0.9911528;1
0.38150194;1
0.7795197;0
0.96229815;1
0.5226164;0
0.529437;0
0.9319257;1
0.90944266;1
0.5335739;0
0.9463095;1
0.99141616;1
0.9986802;1
0.99910504;1
0.7632062;1
0.26156497;1
0.84799397;0
0.82037455;0
0.7392122;1
0.9833225;1
0.25387517;0
0.43965143;0
0.8585039;0
0.16672264;1
0.993903;1
0.5699021;0
0.7588022;0
0.9031681;1
0.4137029;0
0.9867905;1
0.83663166;1
0.13454323;0
0.9859337;1
0.8715755;1
0.9240422;0
0.539486;0
0.9137024;1
0.69659686;0
0.9465703;1
0.1890223;0
0.17449193;0
0.67816126;0
0.6577473;0
0.83683515;1
0.99836284;1
0.8089128;1
0.59237576;1
0.8657716;1
0.9742596;1
0.9954051;1
0.85741824;1
0.18596113;0
0.97252005;1
0.9846468;1
0.6632885;0
0.94988734;1
0.8992934;1
0.78583914;1
0.9986148;1
0.97292006;1
0.31995293;1
0.6595235;0
0.9905252;1
0.89953005;0
0.6140632;0
0.93589765;0
0.8849741;1
0.85979855;0
0.8462936;1
0.94655925;1
0.46742296;1
0.63907003;1
0.366618;1
0.99587905;1
0.5491953;1
0.76218563;0
0.9881109;1
0.6700451;0
0.8369265;0
0.9499837;1
0.87474614;1
0.6447661;1
0.88367087;1
0.37801942;1
0.788851;1
0.9854305;1
0.8576303;1
0.785582;0
0.5015297;1
0.9283945;0
0.66714066;0
0.938767;1
0.98135597;1
0.985933;1
0.9430284;1
0.18950714;0
0.48814026;1
0.95660466;1
0.9503296;1
0.82180387;1
0.9667094;1
0.44115978;1
0.9516015;1
0.85992485;1
0.6983516;1
0.70667285;0
0.9402575;0
0.7946276;0
0.5688916;0
0.9246236;1
0.7974139;1
0.9767825;1
0.9959812;1
0.9756728;1
0.42035314;0
0.24289635;0
0.114735104;0
0.7882387;1
0.9720647;1
0.93969095;1
0.72016555;0
0.49614403;0
0.96407694;1
0.90525806;1
0.6735324;1
0.93353146;1
0.17995645;0
0.563146;0
0.7039134;1
0.84073764;1
0.969864;1
0.9950512;1
0.58204246;1
0.98145294;0
0.95662;1
0.86569977;0
0.6259216;1
0.7594154;1
0.995275;1
0.9536235;1
0.8790014;1
0.5620823;1
0.5231757;1
0.8437168;1
0.9958538;1
0.9856836;1
0.9468906;1
0.9612343;1
0.97764665;1
0.35867095;0
0.94217354;1
0.7224671;1
0.8494802;1
0.89507073;0
0.65617514;1
0.31492448;1
0.53936595;1
0.31168893;1
0.8146899;1
0.9069087;1
0.5404274;0
0.08072774;0
0.85041296;1
0.31578994;0
0.8410313;0
0.69390064;1
0.9091239;0
0.9959352;1
0.99013233;1
0.8703955;0
0.19088213;0
0.9759389;1
0.98670167;1
0.83817214;0
0.4218272;0
0.8314659;1
0.86924726;0
0.69114697;0
0.85551006;0
0.8530861;1
0.93465084;1
0.94909483;0
0.8173133;1
0.9955408;1
0.9995931;1
0.70523304;0
0.89291066;0
0.94595706;0
0.2023095;0
0.9571409;1
0.51281786;1
0.8426138;1
0.94099414;1
0.966685;1
0.9674769;1
0.990003;1
0.98170716;1
0.86548567;0
0.9838471;1
0.99585223;1
0.92104065;1
0.97331816;1
0.9925735;1
0.5450089;0
0.9757352;1
0.9599809;1
0.7085016;1
0.8255569;1
0.9765718;1
0.9769746;1
0.837316;1
0.95187706;1
0.9469609;0
0.768462;0
0.52201474;0
0.9175351;1
0.33237433;0
0.86659694;0
0.7753225;1
0.6459977;0
0.8315719;0
0.98053956;1
0.6493419;0
0.8577504;1
0.8861849;1
0.2619309;0
0.93491364;1
0.79531974;1
0.88732207;1
0.3674325;1
0.85368043;1
0.9862156;0
0.97776777;1
0.64831734;1
0.7102473;1
0.9863646;1
0.58059347;0
0.9992836;1
0.8238556;0
0.7392786;1
0.9365724;1
0.8498389;0
0.2243435;0
0.9814683;1
0.9889442;1
0.77193147;1
0.86989236;1
0.89308006;0
0.28185907;0
0.9657625;1
0.9638687;1
0.99957484;1
0.90179265;0
0.9822481;1
0.6860464;1
0.8953152;1
0.5903659;0
0.9420929;1
0.9427379;1
0.57664764;0
0.89931935;1
0.88067895;0
0.99665844;1
0.9882526;0
0.972509;1
0.8963046;0
0.97111064;0
0.37636435;1
0.24265762;0
0.895248;1
0.97189933;1
0.118012056;0
0.97424084;1
0.3161588;1
0.9737916;1
0.48067272;1
0.58611846;1
0.9605287;1
0.9976604;1
0.8145007;0
0.42802748;0
0.9474545;1
0.96372384;1
0.82547826;1
0.99713933;1
0.5704625;0
0.1728143;0
0.5392989;0
0.93706733;0
0.5995552;0
0.9227687;1
0.44650823;1
0.78564;1
0.998206;1
0.82041824;0
0.99231124;1
0.7162815;1
0.8632271;1
0.5741591;0
0.5980164;0
0.9431162;0
0.9725759;1
0.40644884;0
0.8746817;1
0.65640026;1
0.9546727;1
0.9262171;1
0.98678607;1
0.53898543;0
0.5731621;0
0.9470291;0
0.60138315;1
0.9402823;1
0.38067424;1
0.857724;1
0.9677343;0
0.24697332;0
0.9934917;1
0.8897195;1
0.22960658;0
0.5800002;0
0.5466755;0
0.6997671;1
0.9461756;1
0.97562045;1
0.96748334;1
0.62805235;0
0.4899224;0
0.6459598;1
0.6331558;1
0.7564803;1
0.58545756;1
0.9176819;0
0.6300838;0
0.97637844;0
0.9589851;1
0.9048594;1
0.9240617;0
0.76853776;0
0.9889415;1
0.85338587;1
0.92940474;1
0.1183647;0
0.97485775;1
0.46687704;1
0.8898811;1
0.47165936;0
0.9956469;1
0.9811972;1
0.86317676;0
0.31184545;1
0.9429599;0
0.7910993;0
0.7521926;1
0.9942478;1
0.91662157;1
0.91047513;0
0.9268114;1
0.82196903;1
0.9995272;1
0.9737086;1
0.7340322;0
0.10347831;0
0.93807226;1
0.7106987;1
0.9852305;0
0.82272744;1
0.7133761;1
0.78674656;1
0.5838737;1
0.7155735;0
0.9479196;1
0.50540423;1
0.92741525;1
0.7137526;1
0.96255463;1
0.9455735;0
0.75931853;1
0.9885435;1
0.6909889;1
0.7738601;0
0.914359;1
0.40302104;0
0.8043288;0
0.8507167;0
0.5687333;0
0.51356447;1
0.82274044;1
0.88613427;1
0.82337713;1
0.6864638;1
0.84440786;1
0.75601083;0
0.9536548;1
0.9998938;1
0.44589677;1
0.6181462;1
0.9700169;1
0.60986954;0
0.99756646;1
0.9394857;1
0.954271;1
0.94580495;1
0.9431871;1
0.99384636;1
0.8345364;1
0.1843803;0
0.9975649;0
0.37486205;1
0.7873798;1
0.6938927;0
0.18092367;0
0.9622165;0
0.96876836;0
0.9313498;1
0.39530855;0
0.9845322;1
0.576479;1
0.8059846;1
0.6460301;1
0.89283687;1
0.6688691;0
0.784954;0
0.9809145;1
0.7943741;1
0.99277;1
0.45675164;0
0.49665907;0
0.99169534;1
0.9505943;1
0.9727207;1
0.9443299;1
0.82454264;1
0.9475924;0
0.87804025;1
0.39365104;0
0.90572214;1
0.09403569;0
0.8885382;1
0.79590964;1
0.8311254;1
0.95996433;0
0.6060078;1
0.904709;1
0.8432503;1
0.98691094;1
0.8621344;1
0.9855342;1
0.8890135;0
0.9702563;1
0.95748377;1
0.98322785;0
0.9546713;1
0.5236488;1
0.6649489;1
0.87297237;0
0.33802235;0
0.7435147;0
0.62341154;1
0.9418862;1
0.6383186;0
0.956207;0
0.7954924;1
0.9999919;1
0.6323781;0
0.5468013;1
0.29554242;0
0.9898689;1
0.57898927;1
0.9294804;1
0.66722345;1
0.85934824;0
0.82336944;1
0.98464257;1
0.5348813;0
0.9115455;0
0.5145019;0
0.5019562;0
0.69763374;1
0.53280646;1
0.8290056;1
0.57456464;0
0.9958968;1
0.9949574;1
0.28209516;0
0.8272004;0
0.7028833;0
0.87008;0
0.8587297;1
0.8042282;1
0.93450165;1
0.7543726;0
0.38398936;0
0.85600024;1
0.5754604;1
0.971437;1
0.89046836;1
0.64861214;0
0.3129205;0
0.6345043;1
0.4595168;0
0.904861;1
0.92480075;1
0.98024094;1
0.63512105;0
0.46747807;1
0.88067204;0
0.65449685;1
0.9017799;1
0.6984555;1
0.9064897;1
0.98859197;1
0.89169216;1
0.74578345;1
0.23264149;0
0.6655381;0
0.7612208;1
0.9986873;1
0.5898637;0
0.9839114;0
0.88139313;1
0.9160082;0
0.7085435;1
0.7171231;0
0.9383427;0
0.98832244;0
0.6378603;0
0.99455076;1
0.5888367;0
0.989571;1
0.9457785;1
0.8190467;1
0.99897337;1
0.8081427;1
0.84427947;1
0.85158044;0
0.78128916;1
0.77874005;0
0.97353315;1
0.94761807;1
0.9505397;0
0.54651403;0
0.8335001;0
0.4906651;1
0.9577531;1
0.83393526;1
0.6884571;1
0.9737645;1
0.8739204;1
0.832526;0
0.9522741;0
0.98324317;1
0.84555244;0
0.9975083;1
0.90606356;1
0.44969028;1
0.98296124;1
0.9882036;1
0.69738996;0
0.56905466;0
0.6586852;1
0.6707006;0
0.7763423;0
0.9580859;1
0.35327116;0
0.8950751;1
0.8669834;1
0.9935603;1
0.9801048;1
0.75882155;0
0.9156786;1
0.9983369;0
0.99337584;1
0.9016011;1
0.97730803;0
0.63079906;0
0.66154575;1
0.6759759;1
0.95722044;1
0.999331;1
0.21644172;0
0.65307134;0
0.98451984;1
0.48068872;1
0.99464524;1
0.9851612;1
0.825195;1
0.84246755;0
0.99385035;1
0.85839933;1
0.6389288;0
0.5598714;0
0.6735254;1
0.83198816;1
0.9013154;0
0.3357865;1
0.26582882;0
0.6146421;0
0.44973052;1
0.94708025;1
0.7257856;0
0.79422235;1
0.7062762;1
0.7868905;1
0.61760503;0
0.9899087;1
0.64594436;0
0.9942327;0
0.4551255;1
0.68754804;0
0.5969857;0
0.37980065;0
0.63436806;1
0.58956933;1
0.95387906;1
0.8412694;0
0.3047176;0
0.91693556;0
0.9979146;1
0.9576663;1
0.9999293;1
0.97111094;1
0.92211235;1
0.9995808;1
0.65566343;0
0.9469018;1
0.43108907;1
0.13078104;0
0.8530526;0
0.23892896;0
0.868809;1
0.9898219;1
0.9829107;1
0.96578383;1
0.3433821;1
0.5522077;1
0.8958266;1
0.9960091;1
0.8568938;1
0.5431673;1
0.89002323;1
0.9215806;1
0.854783;0
0.8064708;1
0.76559377;0
0.67562133;1
0.9539673;1
0.8977172;1
0.88837695;1
0.93224406;1
0.99410737;1
0.63946825;1
0.99315673;1
0.85743296;0
0.9958253;1
0.9971898;1
0.99328;1
0.9352949;1
0.7959665;0
0.34618428;1
0.9303139;0
0.7264731;1
0.80934525;0
0.998473;1
0.98483557;1
0.18602625;0
0.6575632;0
0.4930656;0
0.7188695;0
0.6651019;1
0.687166;0
0.67590606;1
0.8900962;1
0.9611605;1
0.586429;1
0.58681315;1
0.26610002;0
0.7681388;1
0.98694485;1
0.9982936;0
0.79761064;1
0.90533847;1
0.9598644;1
0.9494128;1
0.83149165;1
0.96338594;1
0.98398787;1
0.7308658;1
0.44944304;1
0.7664058;1
0.69904333;1
0.9604904;1
0.90976006;1
0.86225843;1
0.49223083;1
0.70361775;1
0.92049265;1
0.9411791;1
0.5914337;0
0.63708645;1
0.94072145;1
0.59725076;0
0.5560344;1
0.847903;1
0.92422736;1
0.86669767;1
0.97973025;1
0.94977933;1
0.9446439;0
0.3731642;1
0.52152526;0
0.6079844;0
0.838707;1
0.90468496;1
0.59080327;0
0.6898148;0
0.56749356;0
0.7291907;0
0.9768022;1
0.73684156;0
0.5662863;1
0.7928217;0
0.6394845;0
0.14681399;0
0.94405466;1
0.42825568;1
0.98615617;1
0.092720985;0
0.39260948;0
0.9149291;1
0.53368986;0
0.93323433;1
0.8694146;0
0.8064215;1
0.9605292;1
0.7582073;0
0.8404497;1
0.9636966;1
0.9692202;1
0.9735561;1
0.9705258;1
0.9161553;1
0.5619168;1
0.9997831;1
0.8927038;1
0.9925524;1
0.8912319;1
0.8900705;1
0.97307533;1
0.6606872;1
0.8214242;1
0.9856371;1
0.60112834;0
0.83223784;1
0.5548373;0
0.9899816;1
0.9494538;1
0.6879727;1
0.90495014;1
0.21624799;0
0.80633277;1
0.9157654;1
0.8182005;1
0.9444359;1
0.25909942;0
0.60517114;1
0.53146946;1
0.6440302;1
0.9992545;0
0.74364984;0
0.85382795;0
0.8798143;0
0.99586487;1
0.33843774;0
0.9970106;1
0.99403423;1
0.9883939;1
0.80104584;1
0.7033157;0
0.84758395;0
0.80842686;1
0.9697778;1
0.7601398;1
0.9239346;1
0.44234803;1
0.957887;1
0.51690036;1
0.32992157;0
0.5807733;1
0.9461533;1
0.98056406;1
0.9866318;1
0.5022293;1
0.16612369;0
0.0824983;0
0.510795;0
0.9262444;0
0.9257596;1
0.8352059;1
0.8774777;1
0.6980719;1
0.6562549;1
0.89126325;1
0.92528075;0
0.91498417;1
0.39676657;0
0.6368101;1
0.7928469;1
0.80581886;1
0.74612284;0
0.82851267;1
0.9689799;1
0.3510096;0
0.6670439;1
0.98062265;1
0.286013;0
0.59269285;0
0.7820869;1
0.73910576;0
0.5232679;0
0.3986683;1
0.10716356;0
0.7199159;1
0.920545;1
0.9301543;1
0.90493166;1
0.74386;1
0.8609118;1
0.9286791;1
0.54132086;1
0.98175;1
0.14728855;0
0.51429504;1
0.9852828;1
0.9581989;0
0.94659483;1
0.95723146;1
0.9015154;1
0.9817919;1
0.78834116;1
0.9933107;1
0.4142991;1
0.9935656;1
0.9530327;1
0.94972044;1
0.9777321;0
0.29252908;0
0.9941742;1
0.6925279;1
0.7615358;1
0.9400336;1
0.884413;1
0.9987011;0
0.89002526;1
0.8185583;1
0.8535334;0
0.7912795;1
0.9657033;1
0.8449703;1
0.7020321;1
0.9878763;1
0.7519094;1
0.98845845;1
0.81497097;1
0.9073103;1
0.96429384;0
0.8869533;0
0.9871193;1
0.3115746;0
0.1795097;0
0.55968314;0
0.9959033;1
0.77654374;0
0.728234;1
0.91469777;1
0.7559777;0
0.30654854;0
0.8029061;1
0.7609252;1
0.915984;1
0.17719607;0
0.9980367;1
0.97274673;1
0.3356419;1
0.58606875;0
0.9758935;1
0.40771866;0
0.91013294;1
0.98924875;1
0.31649294;0
0.9707355;1
0.8360914;0
0.9788143;1
0.8937038;0
0.950968;1
0.8495051;0
0.7163307;1
0.89925593;1
0.98068595;1
0.98347485;1
0.7576389;1
0.9964927;1
0.6622885;1
0.9892062;0
0.71018547;1
0.49462244;1
0.9745705;1
0.781067;0
0.9735606;1
0.85102767;0
0.49841952;0
0.9241361;0
0.49154994;1
0.99897754;1
0.8299406;1
0.3963495;1
0.83970284;0
0.9990897;1
0.9305591;0
0.6399397;0
0.37358338;0
0.9976814;1
0.8621343;1
0.975497;1
0.8625637;0
0.67804116;1
0.8255304;1
0.2015016;0
0.93801624;1
0.5903264;0
0.5556819;0
0.9209711;1
0.9615834;1
0.5663278;1
0.8097369;1
0.898041;1
0.83241576;1
0.53136796;1
0.18963212;1
0.9100693;1
0.9840068;1
0.36016437;1
0.8465761;1
0.9871417;1
0.89596426;1
0.9761295;1
0.36594778;1
0.7713704;1
0.77212054;1
0.6791719;1
0.92892015;0
0.83692116;0
0.94600785;1
0.7619307;1
0.9806574;0
0.62734795;0
0.89502496;1
0.40742403;1
0.7326629;0
0.8364909;0
0.6956834;0
0.998539;1
0.8935083;1
0.80610716;1
0.99225956;1
0.62182564;1
0.9817401;1
0.881514;1
0.6510134;1
0.36379808;0
0.87255186;1
0.94572645;1
0.96970874;1
0.95885336;0
0.8944933;1
0.558452;0
0.77396566;1
0.7556035;0
0.908978;1
0.9983652;1
0.6044686;1
0.8816778;1
0.78241414;1
0.33360863;0
0.5289768;1
0.9321205;1
0.9417555;1
0.790314;0
0.4981934;0
0.7654563;1
0.9557455;1
0.44407374;1
0.99594337;1
0.97125757;1
0.99979347;1
0.99832517;1
0.86379707;1
0.4641198;0
0.7525727;1
0.5212941;1
0.6661247;1
0.73579997;1
0.61557424;1
0.95086175;1
0.98087573;1
0.7821286;1
0.8235837;0
0.7308591;1
0.4058236;0
0.70864105;1
0.95971006;0
0.8413553;0
0.67693007;1
0.8312928;1
0.62032926;1
0.60003954;1
0.72094154;0
0.54946166;1
0.7209298;0
0.52243185;1
0.81474894;0
0.71720546;1
0.9790765;1
0.4478854;0
0.97824323;0
0.23249617;0
0.91532713;1
0.9905441;1
0.48097175;0
0.572637;1
0.51684225;0
0.565765;0
0.98027736;1
0.9931352;1
0.9227608;1
0.41836098;1
0.97266364;1
0.95121;1
0.49003464;0
0.6009816;0
0.7445283;0
0.8580261;1
0.66733557;0
0.96498436;1
0.9479379;1
0.5884675;0
0.42529315;1
0.9700608;1
0.92804354;1
0.7816815;0
0.12993285;0
0.7622946;0
0.777099;0
0.7578806;1
0.51671946;1
0.5802867;1
0.75740725;1
0.5739248;1
0.92197;0
0.99183464;1
0.72840637;1
0.96488565;1
0.9709179;1
0.44180313;0
0.5870409;1
0.6964658;0
0.6838301;1
0.4767734;1
0.4885759;0
0.82980585;1
0.5843193;1
0.8063447;1
0.49553522;0
0.68228066;0
0.87234426;0
0.87768173;0
0.9212531;1
0.8561768;1
0.8500317;1
0.32725084;0
0.62067765;0
0.9977022;1
0.7014738;1
0.6155316;0
0.4158395;0
0.6047568;1
0.9441237;1
0.97344446;0
0.96373934;0
0.9729486;1
0.8096952;1
0.8374309;1
0.91148627;0
0.95449185;1
0.9189109;1
0.2116641;1
0.831433;0
0.15541813;1
0.5743152;0
0.683898;0
0.49633145;0
0.99210125;1
0.89938104;1
0.9446705;1
0.978161;0
0.71115595;0
0.9643865;1
0.9435787;0
0.89278746;1
0.8626132;1
0.8687696;0
0.34232813;1
0.83512396;0
0.8125679;1
0.88069886;1
0.936244;1
0.9549906;1
0.9166313;1
0.55370563;1
0.9998964;1
0.9665083;1
0.5099384;1
0.98842037;1
0.97044677;1
0.6902625;1
0.53901523;0
0.9450826;1
0.97881854;1
0.5356985;1
0.5947753;1
0.7598006;0
0.3792863;1
0.6237187;0
0.96799904;1
0.897126;1
0.6146511;1
0.9790582;1
0.90827185;1
0.89508504;1
0.6173345;1
0.9413174;1
0.7337842;0
0.95645773;1
0.6028632;0
0.988794;1
0.7604092;0
0.1313408;0
0.8415328;0
0.9972882;1
0.9827771;1
0.91451454;1
0.67492074;0
0.9269469;1
0.35666406;0
0.8180251;1
0.9248587;1
0.95321536;1
0.9529059;1
0.65665287;1
0.6264626;1
0.8672126;1
0.2861712;1
0.96060115;1
0.5229354;1
0.7884466;0
0.9139336;0
0.8418359;1
0.87225974;1
0.93268543;1
0.91652304;1
0.8692564;1
0.38925415;1
0.6088154;1
0.8227871;1
0.37932804;1
0.8615449;1
0.4141152;1
0.8824606;0
0.9176326;1
0.19552952;0
0.7572637;0
0.8084307;1
0.99887484;1
0.83376914;0
0.48642683;0
0.7206073;1
0.63076586;0
0.7356742;1
0.87460136;1
0.23562208;0
0.748968;1
0.8034683;0
0.30325666;0
0.6793632;1
0.87507236;1
0.7339459;1
0.32743683;0
0.9538514;1
0.57812274;0
0.57320917;0
0.6439225;0
0.68713385;0
0.7355687;1
0.8329455;1
0.995097;1
0.6100577;1
0.78684366;0
0.9919403;1
0.8258469;1
0.8905847;1
0.2474493;1
0.99947566;1
0.7780254;1
0.7174813;1
0.94087434;1
0.99992096;1
0.52075285;0
0.9975128;0
0.96543604;1
0.8409159;1
0.9593492;1
0.9958454;1
0.8864201;1
0.93446666;1
0.9755441;1
0.98596734;1
0.9208326;1
0.92571306;0
0.5880789;1
0.72273004;1
0.89797175;1
0.71605927;0
0.94843;1
0.8312681;0
0.9828351;1
0.8276425;1
0.85678667;1
0.8160743;1
0.81057435;0
0.72367847;1
0.8690622;1
0.9767527;1
0.6439883;1
0.5649687;1
0.88000286;1
0.30073345;0
0.87224364;1
0.960574;1
0.97814125;1
0.9385977;1
0.96833414;1
0.676823;1
0.6833952;1
0.86631125;0
0.85711634;1
0.16198947;1
0.99242485;1
0.99223787;1
0.6559858;0
0.99859136;0
0.94620407;0
0.5018174;0
0.9484048;1
0.88802636;1
0.9793255;1
0.98466486;1
0.4493135;0
0.5627115;0
0.9985483;1
0.9340058;1
0.98567885;1
0.70596117;1
0.94391954;1
0.97948563;1
0.9771424;0
0.9921509;0
0.9123848;1
0.92857784;1
0.37577373;0
0.6267214;0
0.45894158;0
0.7300574;1
0.97329664;1
0.64365596;0
0.9729687;1
0.81230927;1
0.97994334;0
0.87650555;0
0.8658924;1
0.9824952;1
0.8126915;1
0.8058687;1
0.99055696;1
0.90411836;0
0.98070246;0
0.8581349;1
0.9953367;1
0.73018813;0
0.16727918;0
0.87874955;1
0.51025534;0
0.6799767;0
0.8383275;1
0.62316364;0
0.96235156;1
0.94100004;1
0.9650751;1
0.95342916;1
0.9816839;1
0.80109894;0
0.69209605;0
0.76090676;1
0.67394733;0
0.96326524;0
0.9445356;1
0.5227834;0
0.98058766;1
0.6960579;1
0.1481985;0
0.7417942;1
0.9447423;1
0.7586565;0
0.90841496;1
0.98911697;1
0.34851798;0
0.8720733;0
0.53389865;1
0.70134485;1
0.85580945;1
0.87153625;1
0.91242874;1
0.99672264;1
0.95483875;1
0.58153045;0
0.6644125;0
0.9124316;0
0.9832077;1
0.8301356;1
0.9976889;1
0.98448896;1
0.71349365;0
0.92584574;1
0.7657423;0
0.81800824;1
0.7283725;1
0.91586107;0
0.9996026;1
0.9967326;1
0.9806871;1
0.9490755;1
0.82181853;0
0.9995801;1
0.9555768;1
0.7872712;1
0.63546187;0
0.9981173;1
0.78372425;0
0.78351563;0
0.795716;1
0.6281203;1
0.98856944;1
0.86746323;0
0.72672206;0
0.8661719;1
0.70375985;1
0.8219913;1
0.4918539;1
0.23701574;0
0.5752027;0
0.8823847;1
0.9696019;1
0.90734285;1
0.99714893;1
0.97045994;1
0.8771015;0
0.8341279;0
0.9910719;1
0.60814494;1
0.94297844;1
0.66015875;0
0.93963593;1
0.8151977;1
0.59572446;1
0.94863063;1
0.61652017;0
0.7526662;1
0.1511418;0
0.7867369;1
0.99496716;1
0.99042153;1
0.36569387;1
0.86833394;1
0.48796633;1
0.96874255;1
0.90694314;1
0.76723135;1
0.7536055;1
0.37121722;0
0.9559691;1
0.8793361;1
0.92530733;1
0.6137078;0
0.6710909;0
0.57270676;1
0.6960808;1
0.9958205;1
0.9529032;1
0.9834082;1
0.81889516;1
0.41914207;0
0.9528758;1
0.7100333;1
0.8645195;0
0.8976122;1
0.53320354;0
0.40995333;0
0.7828912;1
0.53537774;0
0.6487705;1
0.80449396;1
0.68798494;1
0.69343656;0
0.9706588;0
0.6410666;0
0.9611509;0
0.27646646;0
0.77910805;1
0.9940288;1
0.94869524;1
0.99307853;1
0.99265224;1
0.8333787;0
0.96376115;1
0.7916065;1
0.58940595;0
0.82423043;0
0.9714802;1
0.9895586;1
0.9809141;1
0.51279515;1
0.8604717;1
0.43859082;1
0.76217455;1
0.50415206;1
0.92150223;0
0.92174673;0
0.9714318;1
0.70394784;1
0.8056383;0
0.55925524;1
0.59459037;0
0.7276549;1
0.95055836;1
0.83406377;1
0.859174;1
0.13360165;0
0.42775938;1
0.90530473;1
0.77709347;0
0.7202269;0
0.9674923;1
0.26778734;1
0.59839743;0
0.69029117;1
0.9038338;1
0.88657135;1
0.8608156;1
0.6391796;1
0.90136826;0
0.34194848;0
0.98693836;1
0.97571236;1
0.8936659;1
0.7979335;1
0.64298815;1
0.77640706;1
0.9379531;1
0.58768725;1
0.9686123;1
0.9664896;1
0.66872823;0
0.47166663;0
0.99058455;0
0.6738179;1
0.9624443;1
0.8282406;0
0.9049639;1
0.57735586;1
0.97062254;1
0.6755895;1
0.89384145;1
0.7640659;1
0.59673315;0
0.88078916;1
0.993835;0
0.87484884;1
0.88644576;1
0.5967776;1
0.43271312;1
0.49785644;1
0.9757228;0
0.55164945;1
0.5042566;1
0.98776615;1
0.997162;1
0.98341906;1
0.9911069;1
0.840178;1
0.9889221;1
0.93916935;1
0.6421844;1
0.9489801;1
0.6672205;1
0.9837509;1
0.9884489;1
0.24578129;0
0.93841445;1
0.9835243;1
0.75206894;1
0.9698529;1
0.9304115;1
0.99796176;1
0.9782703;0
0.9519138;1
0.79747444;1
0.74511635;1
0.9220118;1
0.963628;1
0.9694513;1
0.4244112;0
0.9283015;1
0.90572447;1
0.89324987;0
0.20083952;1
0.9999559;1
0.35492158;1
0.61189693;0
0.9503321;0
0.7493749;1
0.9823772;1
0.94626796;1
0.9954526;1
0.5562035;1
0.7682134;1
0.504746;1
0.7165517;1
0.43283677;0
0.6062986;0
0.9675263;1
0.97009015;1
0.55102974;0
0.9671543;1
0.4952689;0
0.85083985;0
0.87408346;1
0.4921693;0
0.73507994;1
0.49508584;0
0.33753806;1
0.8062868;1
0.97875;1
0.92071694;0
0.9635473;1
0.26342836;1
0.61846846;0
0.9354315;1
0.80685925;0
0.81438667;1
0.9987386;1
0.265622;0
0.77669865;0
0.3496108;0
0.7408001;1
0.9261152;1
0.80926627;0
0.9659231;0
0.8462381;1
0.8735735;0
0.8111149;0
0.8804222;1
0.9539903;0
0.9947643;1
0.9709564;0
0.94781786;1
0.8196716;1
0.9753318;0
0.9383055;0
0.7992259;0
0.84888744;1
0.6907633;1
0.9726742;1
0.82136935;0
0.90507853;1
0.999178;1
0.95465326;1
0.6970676;1
0.99549246;1
0.99737656;1
0.9004272;1
0.979328;1
0.9884608;0
0.692288;0
0.8375585;1
0.5160628;1
0.29144013;0
0.97679305;1
0.9802991;1
0.42232832;1
0.7225704;0
0.961545;1
0.46033293;0
0.904637;1
0.9108924;1
0.99217856;1
0.8785361;1
0.51080316;1
0.97443646;1
0.9861292;1
0.669381;1
0.99775714;1
0.91809124;1
0.51892704;0
0.97654504;1
0.4587109;1
0.99288285;1
0.81983984;1
0.904123;1
0.9720416;0
0.43539923;1
0.93423396;1
0.982566;1
0.77564245;1
0.9954572;1
0.95812166;1
0.8406594;0
0.2477754;1
0.9299573;1
0.90111387;1
0.9328228;1
0.96887994;1
0.7247724;0
0.36858052;1
0.70918703;1
0.7328138;1
0.8022647;0
0.36632225;0
0.97822636;1
0.9751764;0
0.5865542;1
0.98722535;1
0.8432543;0
0.26785165;1
0.26295757;1
0.40593258;0
0.86895424;0
0.8711317;1
0.984582;1
0.6570481;0
0.9873009;1
0.8777066;1
0.79216325;1
0.5759373;0
0.58182865;1
0.4261303;1
0.6672655;1
0.8716229;1
0.83510286;0
0.8816107;0
0.5573624;1
0.6361206;1
0.8307851;1
0.8501108;1
0.906589;1
0.9784717;1
0.99079365;1
0.38238764;0
0.86749905;1
0.80991185;1
0.8488768;1
0.51371694;1
0.60096383;1
0.9723007;1
0.70943063;0
0.93812114;1
0.99551094;0
0.7516198;0
0.8593116;1
0.44394353;1
0.9540011;0
0.8672157;0
0.56628627;1
0.95194995;1
0.9521503;1
0.9286563;1
0.99481446;1
0.98615927;1
0.8403205;0
0.65621823;0
0.81123704;1
0.80428314;0
0.7705569;1
0.7968077;0
0.97608507;0
0.6451114;0
0.07418386;0
0.4022804;0
0.993672;1
0.9933153;1
0.6971644;0
0.36316967;0
0.85098505;1
0.40037552;0
0.7626876;1
0.7893611;1
0.9356323;1
0.8259961;1
0.83038193;1
0.9820848;1
0.9025552;0
0.9275669;1
0.48590946;0
0.1732109;0
0.8597994;1
0.6431457;0
0.74233687;0
0.9726112;0
0.7177158;0
0.5701856;0
0.98362815;1
0.9404773;1
0.78165877;0
0.7723944;0
0.9642416;1
0.40543002;0
0.17204456;0
0.63390374;0
0.7714497;0
0.97217125;1
0.76893604;1
0.9743448;1
0.97965646;1
0.8168312;1
0.5972966;0
0.25746876;0
0.7653107;0
0.53091764;0
0.17359792;0
0.7065044;1
0.96913546;1
0.9834451;1
0.7120698;0
0.7069398;0
0.6913537;1
0.94788545;1
0.86235106;1
0.9645198;0
0.47411394;0
0.8383273;1
0.85906565;1
0.106630705;1
0.8034808;1
0.35369328;0
0.8322348;0
0.7184522;1
0.96240526;1
0.17437351;0
0.7649926;1
0.81521505;0
0.9241533;1
0.9787846;1
0.9837323;1
0.9095795;1
0.6727335;1
0.75259614;1
0.87246174;1
0.8163644;0
0.8728492;1
0.9880824;1
0.64136666;1
0.893035;1
0.7115435;0
0.19746557;0
0.6342988;0
0.95064;1
0.6329684;1
0.75278956;1
0.49636456;1
0.6825549;0
0.44448626;0
0.29555213;0
0.99696606;1
0.98927116;1
0.92761564;1
0.9595576;0
0.81141883;0
0.5633997;1
0.8210891;1
0.22280222;1
0.5830793;0
0.6911687;1
0.56749845;0
0.88772714;1
0.31890762;0
0.9932997;1
0.9913288;1
0.4254328;0
0.2897801;0
0.25256145;0
0.5230208;0
0.68605995;1
0.74728334;1
0.20245154;0
0.91820663;0
0.9889865;1
0.13217095;0
0.75246066;1
0.73594415;1
0.7024905;0
0.66092885;1
0.8701213;1
0.99555427;1
0.9079056;1
0.46561515;0
0.8721079;1
0.9790481;0
0.6542255;1
0.8966794;1
0.5292123;1
0.19245133;0
0.5226451;1
0.9730882;0
0.82301724;1
0.879372;1
0.7559904;1
0.9871256;1
0.99283713;0
0.9837938;1
0.5919375;1
0.96677834;0
0.7474976;1
0.38854983;0
0.5821685;0
0.7923596;1
0.9945003;1
0.89801484;0
0.7696941;0
0.97554773;1
0.7637696;0
0.97215354;1
0.8900205;0
0.9965359;0
0.73539764;1
0.95793885;0
0.8711817;1
0.9249209;1
0.5696865;1
0.3779305;1
0.28348026;0
0.78259546;0
0.6156757;0
0.7716163;1
0.7125447;0
0.65410125;1
0.93398035;1
0.8065715;1
0.79696244;1
0.6648007;1
0.5989744;0
0.873343;0
0.8178972;1
0.86522543;1
0.9758197;1
0.5819053;1
0.9951309;1
0.7458411;1
0.89139736;1
0.65673023;1
0.8651217;1
0.58750576;0
0.9446763;1
0.6494357;1
0.9900069;1
0.49920526;0
0.8050383;1
0.7158229;0
0.56640345;0
0.11664185;0
0.99051243;1
0.37746283;0
0.9851511;0
0.9314405;1
0.95563596;1
0.9327274;1
0.5915551;0
0.9934429;1
0.4968323;1
0.7565117;1
0.53465664;1
0.7701985;0
0.19231364;0
0.98702884;1
0.98842686;1
0.44973007;1
0.79426306;1
0.88893825;1
0.9120013;1
0.66312367;1
0.9969632;1
0.84288865;1
0.8319624;0
0.835714;1
0.2344615;0
0.51619905;0
0.9744407;1
0.8111442;0
0.9856931;1
0.8752334;1
0.113843;0
0.61793876;0
0.7451772;1
0.4037052;1
0.9457032;1
0.46808678;1
0.55400985;1
0.81747574;1
0.38577592;0
0.9854952;1
0.7479167;0
0.52295;0
0.9158111;0
0.7085388;0
0.63825214;0
0.99884653;1
0.9872377;1
0.9825859;0
0.6120709;0
0.99177283;1
0.8065901;0
0.9550984;1
0.9297369;1
0.9839484;1
0.58319855;0
0.99956614;1
0.2138865;0
0.9603559;1
0.9995772;1
0.61098224;1
0.9550115;1
0.67593366;1
0.9384025;0
0.48778895;0
0.80360013;0
0.569533;1
0.9114088;0
0.93825483;1
0.9058016;0
0.9308946;1
0.49416104;0
0.7351385;1
0.979894;1
0.39100724;0
0.9662309;0
0.7348958;0
0.39007348;1
0.8311745;1
0.8039999;1
0.88556045;1
0.64016294;0
0.98981667;1
0.7179413;0
0.9240177;1
0.8806253;1
0.2385074;0
0.36319178;0
0.4348144;0
0.9135667;1
0.85574013;1
0.9282468;1
0.68247527;0
0.89947665;1
0.99064285;0
0.9806489;1
0.7628743;1
0.6622543;0
0.30060017;1
0.6105376;0
0.83280224;1
0.9757017;1
0.8607583;1
0.82954174;1
0.9593672;1
0.5796658;1
0.59320223;0
0.97970635;1
0.7994864;1
0.7847885;0
0.8651464;0
0.7911372;0
0.22374213;0
0.5859873;1
0.83442444;1
0.7499477;1
0.740067;1
0.9038862;1
0.9435275;1
0.9859779;1
0.47514242;0
0.6716038;1
0.98360866;0
0.87373596;1
0.9345505;0
0.8166061;0
0.767158;0
0.99813396;1
0.99659073;1
0.7818704;1
0.99467874;1
0.9075977;1
0.7080942;1
0.54995656;1
0.29434672;1
0.2397361;0
0.8054011;0
0.8970713;0
0.90604484;1
0.68879193;1
0.32852468;0
0.8556618;1
0.5717965;0
0.8226617;1
0.89768153;1
0.083310746;0
0.97685975;0
0.97735137;1
0.29296616;0
0.94866604;0
0.9354066;0
0.81714547;1
0.9696782;1
0.83259016;1
0.74578583;1
0.9893482;1
0.8994163;1
0.7635173;1
0.98721176;1
0.8770748;1
0.7067884;0
0.5728223;1
0.79846287;1
0.5129252;1
0.9518636;1
0.6820802;0
0.47010013;0
0.6957516;0
0.88416886;1
0.45524767;0
0.83988166;0
0.75502664;1
0.7164868;1
0.69850904;1
0.46985888;0
0.28252;0
0.91051763;1
0.18025005;0
0.99409014;1
0.8879448;1
0.49864832;1
0.98074853;1
0.1194379;0
0.902076;1
0.9924545;1
0.90474606;0
0.95903146;0
0.9273949;0
0.9616383;1
0.6462685;1
0.95158803;0
0.96175665;1
0.10776344;1
0.7970844;1
0.6933252;1
0.7074632;1
0.8724659;0
0.6823565;1
0.8383202;1
0.5384317;0
0.32744285;0
0.8404643;0
0.66760856;0
0.4715546;0
0.8230673;0
0.31205714;1
0.27216676;1
0.62766135;0
0.8937282;0
0.8760873;1
0.8573422;1
0.7036432;0
0.9465151;1
0.918144;1
0.88115305;1
0.49257526;0
0.520067;0
0.4272133;1
0.90146095;1
0.9921427;1
0.94487363;0
0.98744;1
0.9016874;1
0.9775004;1
0.19316521;0
0.9104035;1
0.99986255;0
0.6943224;1
0.7249716;1
0.5874548;0
0.27425557;1
0.920522;0
0.87891155;0
0.95568126;1
0.6356459;0
0.41600963;0
0.9385024;0
0.66156125;1
0.8339092;1
0.97074896;1
0.9984212;1
0.7395313;1
0.40768394;0
0.7473186;1
0.8294674;1
0.95098656;1
0.8112251;0
0.95881563;1
0.71019155;1
0.7409282;0
0.9694108;1
0.3816193;1
0.9053056;1
0.8447579;1
0.95583534;0
0.69315135;0
0.9047878;1
0.86956;1
0.93774486;1
0.853794;1
0.29464933;1
0.9825017;1
0.95323664;1
0.8871103;1
0.9291166;0
0.9864465;1
0.5716904;0
0.3013758;0
0.95367116;1
0.67616934;0
0.9449343;1
0.65212554;1
0.8517957;1
0.9916123;1
0.7086319;0
0.77116513;0
0.99786144;1
0.71934354;0
0.90881455;1
0.9073251;1
0.08424895;0
0.96298903;1
0.74875665;1
0.69989973;0
0.9742571;1
0.8502808;0
0.7275148;0
0.7756874;0
0.9670281;0
0.97545344;1
0.5441833;0
0.4919157;0
0.84875274;1
0.99012226;1
0.96379805;1
0.99934417;1
0.71532017;0
0.9748037;1
0.5991479;1
0.8031451;1
0.5570502;1
0.9087948;0
0.90595627;1
0.95392764;0
0.9964684;1
0.88300353;1
0.500249;1
0.82128626;1
0.8520641;1
0.5964646;0
0.5372721;0
0.6826092;1
0.91145897;1
0.98804283;1
0.5699092;1
0.8199394;1
0.99927694;1
0.687463;0
0.35923532;0
0.7016955;0
0.620698;0
0.99511933;1
0.477885;0
0.5097074;1
0.99006444;1
0.9968045;1
0.8256025;0
0.9344681;1
0.8268114;1
0.8910441;0
0.98983383;1
0.8878587;0
0.38768128;0
0.7708612;0
0.70745033;1
0.9241073;0
0.18426296;1
0.1173161;0
0.7571971;1
0.9850079;1
0.72051716;1
0.76986015;1
0.69276583;0
0.6035984;1
0.479928;0
0.807715;1
0.66522616;1
0.16786349;0
0.384333;0
0.89299506;0
0.9429015;1
0.761681;1
0.71051365;1
0.9493651;1
0.9679335;1
0.85991865;0
0.87886864;1
0.59752405;0
0.8854102;1
0.80088973;0
0.82592875;1
0.8369336;0
0.9425273;1
0.45762914;1
0.6598475;1
0.9919333;1
0.9187253;1
0.48920766;0
0.93124074;1
0.90986174;0
0.5919927;1
0.90427655;1
0.84446;1
0.31086636;0
0.5048267;1
0.9875975;1
0.9169881;0
0.996971;1
0.629497;1
0.8928945;1
0.9232209;0
0.9734543;1
0.16744651;0
0.768682;0
0.919579;1
0.8629591;1
0.26284972;1
0.73987824;1
0.7747473;1
0.93505776;1
0.2626641;0
0.9694905;1
0.8094254;1
0.9796469;1
0.72701764;0
0.63495684;0
0.9994758;1
0.8904585;0
0.96075255;1
0.9762205;1
0.9391948;1
0.9349844;1
0.9550607;1
0.9799999;1
0.5566694;1
0.73331684;1
0.9137443;1
0.9822541;1
0.997889;1
0.8806379;0
0.8889344;1
0.33857313;0
0.68711746;0
0.9911159;1
0.7359884;1
0.86501986;0
0.68847954;1
0.93562084;1
0.7600771;0
0.9925566;1
0.33650094;0
0.75556;1
0.9961624;1
0.3078108;0
0.72948784;0
0.38448754;0
0.83894354;1
0.8243639;1
0.640834;1
0.9617237;1
0.65963787;1
0.7601169;1
0.6813153;1
0.8212118;1
0.87598157;1
0.9967079;1
0.4965476;1
0.76064336;1
0.631147;1
0.84837955;1
0.8528439;1
0.80463284;1
0.18074815;0
0.6711446;1
0.9970108;1
0.9794438;0
0.29623988;0
0.9851201;1
0.5836435;1
0.33756715;0
0.78961825;1
0.80885583;0
0.9811276;1
0.8815364;1
0.9616853;1
0.9365215;1
0.9899761;1
0.6084391;1
0.8955576;1
0.91242695;1
0.99942625;1
0.69700146;0
0.7484405;0
0.9487388;1
0.67150736;0
0.5947647;0
0.5621539;0
0.5007719;1
0.7154746;1
0.52888846;1
0.47038162;1
0.9817324;0
0.7632892;0
0.7111755;1
0.6382311;0
0.73635846;1
0.6092005;1
0.98083043;1
0.88899493;1
0.9783555;1
0.79577667;1
0.994695;1
0.48293415;1
0.5340483;1
0.98836154;1
0.55150443;0
0.8121576;1
0.9280961;0
0.56763786;0
0.97210187;0
0.8720632;0
0.6171377;1
0.6265764;1
0.98734236;1
0.97790134;1
0.9872857;1
0.65887964;1
0.9983084;0
0.99817896;1
0.42379582;1
0.64832556;1
0.914679;1
0.67373127;0
0.32786125;0
0.82177955;0
0.6542404;1
0.9272944;1
0.59686035;1
0.43537998;0
0.9966472;1
0.9466543;0
0.9853816;1
0.98452896;0
0.89871514;0
0.9780888;1
0.51094484;1
0.2502423;0
0.7980498;0
0.8005588;1
0.8608946;0
0.6460652;1
0.99891627;1
0.85951334;0
0.32858467;0
0.8176497;1
0.95512956;1
0.9249584;0
0.7814096;1
0.74115324;1
0.6442221;1
0.8663584;1
0.74047005;1
0.6509493;0
0.6797842;0
0.9514356;1
0.5972498;0
0.49700585;0
0.86779004;0
0.80693495;0
0.84490126;1
0.60716134;1
0.8467824;1
0.9848422;1
0.767427;1
0.89534944;1
0.6536234;0
0.39161947;1
0.9357701;1
0.95930684;1
0.9113696;1
0.7822949;1
0.6429816;1
0.9153704;1
0.99054784;1
0.99942744;1
0.5877437;1
0.8117196;1
0.9049872;1
0.84372514;0
0.58184266;0
0.7883628;1
0.8535378;1
0.6641763;1
0.9828591;1
0.6901406;1
0.97620445;1
0.9314645;1
0.99930096;1
0.8517986;1
0.99809974;1
0.9716215;0
0.7596926;1
0.7980718;1
0.71591145;1
0.90962833;1
0.99336505;1
0.97813;1
0.87774014;0
0.75445104;1
0.9883585;1
0.5272758;1
0.54051805;1
0.45249987;0
0.9621787;1
0.10403198;0
0.96935743;1
0.6320219;0
0.9871126;1
0.9460037;1
0.89644384;1
0.98699075;1
0.9976404;1
0.662478;0
0.56385994;0
0.07657786;0
0.9684608;1
0.8528867;1
0.99249774;1
0.94909734;0
0.7235793;1
0.5326641;1
0.4342338;1
0.59233624;1
0.94372934;1
0.98960334;1
0.28992617;0
0.9323632;1
0.8968548;1
0.7723514;0
0.45093024;1
0.973527;1
0.8602785;1
0.74213654;0
0.55385095;1
0.93896246;1
0.58519864;0
0.57777166;0
0.7239867;1
0.80205953;1
0.8859477;1
0.43316835;1
0.44563773;0
0.3405012;0
0.756146;0
0.77925533;1
0.85435015;1
0.6581542;1
0.6763416;0
0.9631273;0
0.75003374;1
0.9158628;1
0.63593596;0
0.6057348;1
0.9238399;1
0.9563274;1
0.8387748;1
0.9411286;1
0.9199884;0
0.20486397;0
0.86468565;1
0.7993121;1
0.9956976;0
0.97843814;1
0.8202632;1
0.81189066;0
0.86782247;1
0.3884767;0
0.9778927;1
0.79227793;0
0.9693285;1
0.7140832;1
0.6060543;1
0.7000139;0
0.52224904;0
0.95972985;1
0.86799335;1
0.8386954;0
0.9631531;1
0.9949097;1
0.8895655;0
0.62785804;1
0.9825676;1
0.6136784;1
0.7109151;1
0.95456517;1
0.98124737;0
0.20704101;0
0.39054084;1
0.905303;1
0.8690246;1
0.7438703;0
0.9377592;1
0.8622737;1
0.9917856;1
0.99834037;1
0.67328924;0
0.9532026;0
0.5453423;1
0.905426;1
0.9353237;1
0.9212704;1
0.759584;1
0.20888807;0
0.81301427;1
0.83402365;1
0.9697158;1
0.92116433;1
0.9266486;1
0.84333265;0
0.99197596;1
0.5278306;0
0.799373;1
0.48553196;1
0.4853413;1
0.83504754;1
0.794451;1
0.43875608;1
0.7858694;0
0.90502685;0
0.6595924;0
0.9798957;1
0.9557013;0
0.6891276;1
0.9304748;0
0.98687404;1
0.7988126;0
0.96669734;1
0.30140197;1
0.97856367;1
0.6154412;0
0.9955777;1
0.98501736;1
0.84465635;0
0.9795259;1
0.5881959;1
0.9606247;1
0.93519026;1
0.90271866;1
0.45479578;0
0.35389173;0
0.9769837;1
0.8793592;0
0.9671651;0
0.99698985;1
0.7711983;1
0.84724635;0
0.9908544;1
0.7360012;1
0.46051726;0
0.48067972;1
0.9808427;1
0.73416907;0
0.49377117;0
0.08932399;0
0.8745358;1
0.5798625;1
0.35635504;0
0.95833457;1
0.69752717;1
0.96337897;1
0.89281076;1
0.84362507;0
0.24501064;0
0.9662805;1
0.9101845;1
0.8089032;0
0.9890616;1
0.9984707;1
0.9584286;1
0.99685246;1
0.9738787;1
0.6719591;0
0.28407446;0
0.2891225;0
0.2990302;1
0.91620547;1
0.95476127;1
0.5497445;0
0.8926655;1
0.92258006;1
0.72622204;1
0.8225521;1
0.99874556;1
0.25075784;0
0.9521823;1
0.619119;0
0.45322162;0
0.46764606;0
0.9154423;1
0.56136847;1
0.9783781;0
0.723438;0
0.51119643;0
0.75093246;1
0.93639505;1
0.6174224;1
0.9385165;1
0.33610547;0
0.8182479;1
0.66952014;1
0.88239604;0
0.9893355;1
0.5584006;0
0.29485562;0
0.996714;1
0.3769353;0
0.80697227;1
0.6219362;1
0.6371371;0
0.63743234;0
0.86250687;1
0.70503765;1
0.60099983;0
0.9385206;1
0.9392039;1
0.5107275;1
0.9718621;1
0.17960727;0
0.15801981;0
0.8353543;1
0.7600774;0
0.7226604;1
0.8108495;1
0.5751903;1
0.99143445;1
0.96829337;1
0.64482814;1
0.9739468;1
0.9101379;1
0.7585176;1
0.9295068;1
0.29314896;0
0.95664185;1
0.43286413;1
0.27155986;0
0.2131222;0
0.6667209;1
0.97336763;1
0.69936574;1
0.4727164;0
0.8531631;1
0.98311883;1
0.8907417;1
0.8827091;1
0.95587546;1
0.67932403;1
0.91239995;1
0.7296424;1
0.6385328;0
0.093231075;0
0.9903707;0
0.9749262;1
0.98684365;0
0.907956;1
0.7386042;0
0.73111165;0
0.3883259;0
0.83475864;0
0.64400816;0
0.7865576;0
0.9972391;1
0.7570754;1
0.7122448;1
0.53279686;1
0.7724299;1
0.93768096;1
0.9882018;1
0.89327437;1
0.6850703;0
0.97345686;1
0.47946158;0
0.5501088;1
0.9494442;1
0.93634737;1
0.97069;1
0.7813719;0
0.42144376;1
0.9765362;1
0.9198618;1
0.9629237;1
0.69035846;1
0.56125677;0
0.9975909;1
0.82143885;1
0.4529607;1
0.97801995;1
0.7911726;1
0.60722387;1
0.2243457;1
0.90257776;1
0.8422592;0
0.41066873;0
0.92751604;1
0.9859993;1
0.4940791;1
0.15937349;0
0.6844339;1
0.0989349;0
0.88712895;1
0.5135462;1
0.92350084;1
0.92453814;1
0.9951546;1
0.86706334;1
0.79866534;0
0.9206031;1
0.62063235;1
0.5108768;1
0.9458406;1
0.87484336;0
0.8634349;1
0.9254759;1
0.95827365;1
0.44915822;0
0.9180873;0
0.5112078;1
0.9194172;1
0.921554;1
0.934747;1
0.95077103;1
0.6303494;0
0.77190477;1
0.75746006;0
0.7716903;1
0.8184276;1
0.98368037;1
0.64896506;0
0.948224;1
0.93400866;1
0.7001294;0
0.925412;1
0.94915015;1
0.73436415;1
0.6362899;1
0.9776595;1
0.98423344;1
0.86833084;0
0.92590445;1
0.95879143;1
0.80392146;1
0.7715838;1
0.94902164;1
0.93171674;1
0.5815622;0
0.92361534;1
0.92769593;1
0.30404466;0
0.8147161;1
0.850714;1
0.80511475;1
0.99231166;1
0.5321214;0
0.97211415;0
0.98617655;1
0.98192686;1
0.8937295;1
0.85080284;1
0.8865469;0
0.9945281;1
0.95346206;1
0.99811804;1
0.88974583;1
0.45810533;0
0.9726452;1
0.9923294;1
0.9141874;1
0.9137801;1
0.5660013;0
0.82036936;0
0.9374204;0
0.9765127;1
0.97748613;1
0.98037773;1
0.7950398;1
0.7651248;1
0.91229975;0
0.99953043;1
0.3619225;0
0.2841882;1
0.4665714;1
0.68689364;0
0.5623505;0
0.80729717;0
0.95432097;1
0.25186282;1
0.6477997;0
0.33528423;0
0.99058586;1
0.62044483;1
0.5440749;1
0.9593344;1
0.9004987;0
0.85118407;0
0.9236604;1
0.99622214;1
0.62696826;1
0.99767905;1
0.7061053;1
0.97365475;1
0.70693654;0
0.9987778;0
0.9682634;1
0.9613983;1
0.39213687;1
0.97595847;1
0.92473704;0
0.37151054;0
0.8277068;1
0.72336316;1
0.9224003;1
0.90719724;0
0.33648628;1
0.7795229;1
0.91104937;1
0.99564916;1
0.9536473;1
0.7502672;0
0.79703754;0
0.6378784;1
0.8555404;0
0.54677737;0
0.08358837;1
0.8886404;0
0.7556843;1
0.60100955;1
0.93921727;1
0.835068;0
0.62207484;1
0.8701622;1
0.9872709;1
0.631819;0
0.9832986;1
0.5912688;0
0.93677413;1
0.96004444;0
0.9282299;1
0.9701902;1
0.8519659;1
0.2568734;0
0.7919725;1
0.6712675;1
0.7627039;0
0.5415957;1
0.9695337;1
0.79364824;1
0.5525815;1
0.7595191;1
0.9955532;1
0.49270177;0
0.91898894;0
0.7606931;1
0.9099523;0
0.8752407;1
0.9778466;1
0.9631547;1
0.88515586;1
0.8870611;1
0.9932214;1
0.49947226;1
0.9143178;1
0.99431384;1
0.18376887;0
0.27563336;0
0.99287534;1
0.15137716;0
0.91647017;1
0.97274154;0
0.5816458;0
0.64464825;0
0.5044246;1
0.95933527;0
0.7658527;1
0.7490294;0
0.5819214;1
0.9875729;1
0.13702407;0
0.9852394;1
0.93546456;1
0.9390777;1
0.91820973;1
0.95959556;1
0.8037318;1
0.99611306;1
0.92051876;1
0.823777;0
0.9871748;1
0.99500245;1
0.76915747;1
0.683477;1
0.57395625;0
0.8945631;1
0.6261241;1
0.87489057;1
0.1595;0
0.8791453;1
0.34574103;1
0.8286614;1
0.9196813;1
0.6610488;1
0.7841311;1
0.9610404;1
0.8193345;1
0.6888344;0
0.3891027;0
0.97894794;1
0.9259038;1
0.57197136;1
0.96627367;1
0.22928807;1
0.9212464;1
0.67640686;1
0.8141158;0
0.17876299;0
0.8442531;0
0.76107275;0
0.72284776;1
0.9380357;1
0.98933125;1
0.6501785;0
0.9718461;1
0.3346296;0
0.4602894;0
0.634558;1
0.3721908;0
0.9923383;1
0.9263477;1
0.4975795;1
0.13965654;0
0.42085266;0
0.94587106;1
0.92256474;0
0.791196;1
0.6624962;1
0.9956196;1
0.73628396;1
0.662282;0
0.5525814;0
0.9302084;0
0.995593;1
0.935053;1
0.6255695;1
0.762617;1
0.9824699;1
0.9623008;1
0.99784017;0
0.9676089;1
0.92403084;1
0.82827735;1
0.98335683;1
0.77527755;0
0.650001;1
0.82547724;1
0.7798336;1
0.831147;1
0.7590003;0
0.90687436;0
0.92507696;0
0.5419547;0
0.728802;1
0.49615347;0
0.92387444;1
0.9284914;0
0.67881846;0
0.9711925;1
0.3239383;0
0.97984606;1
0.6539962;1
0.89195144;1
0.21993898;1
0.9819324;1
0.90693617;1
0.99297196;1
0.7309893;1
0.56746036;0
0.88280123;1
0.66698647;0
0.9852658;1
0.8827876;1
0.9667441;1
0.85525763;1
0.7936164;0
0.848307;1
0.876107;1
0.40031594;1
0.9994717;1
0.8413212;1
0.7958231;0
0.62353295;0
0.9799672;1
0.83422434;1
0.99367297;0
0.9948667;1
0.66854787;0
0.7175643;0
0.9893993;1
0.3723089;0
0.3175249;1
0.8666601;0
0.993381;1
0.96725935;1
0.99188644;1
0.617809;0
0.9256812;1
0.68944734;1
0.7828431;1
0.94413334;0
0.8793707;1
0.91789687;1
0.5292968;0
0.6498309;0
0.6575134;0
0.9412224;0
0.96974057;1
0.949125;1
0.59307706;0
0.99785596;1
0.44119725;1
0.99505484;1
0.99427456;1
0.098262966;1
0.58365947;0
0.27249622;0
0.77167976;1
0.36175877;0
0.85229933;1
0.7095588;1
0.6107756;0
0.7793067;0
0.27119648;0
0.49404714;0
0.4384664;1
0.6901996;0
0.9999217;1
0.7088658;0
0.93534106;0
0.6012222;1
0.85693854;1
0.98077387;1
0.93361205;0
0.54911184;1
0.67307866;0
0.856405;1
0.9177931;1
0.25264508;0
0.9822489;1
0.7518937;1
0.24933451;0
0.66654396;1
0.9995685;1
0.9992092;1
0.14640844;0
0.9220824;1
0.9994205;1
0.7216302;0
0.9806161;1
0.9885439;0
0.49394938;0
0.6336958;0
0.97090507;1
0.7699593;0
0.90864736;1
0.38403842;0
0.93022645;1
0.9625319;1
0.6272278;1
0.82740873;0
0.7103181;1
0.99871373;1
0.8342359;1
0.9530671;1
0.09140322;0
0.49427083;0
0.8526774;1
0.3299317;0
0.2518869;0
0.7321879;0
0.91058344;1
0.89869493;0
0.98953336;1
0.24619219;0
0.6684999;1
0.36427867;0
0.8186673;1
0.72807544;1
0.9078188;1
0.3692046;0
0.27644104;1
0.95874065;0
0.98199683;1
0.8248829;0
0.6909108;1
0.99125004;1
0.63672376;1
0.9515283;1
0.87072426;1
0.7537323;1
0.58284336;1
0.8172126;1
0.9895467;1
0.6973039;1
0.8878014;1
0.9955434;1
0.84385055;0
0.6441883;0
0.5316519;1
0.9826832;1
0.5182075;1
0.89657503;1
0.0972509;1
0.9568635;1
0.23734473;1
0.8369695;1
0.6512222;1
0.8714728;1
0.90006214;1
0.45971757;1
0.569988;1
0.99760276;0
0.37289065;0
0.8780422;0
0.85163474;0
0.64466286;0
0.28987613;0
0.9586605;1
0.9765345;1
0.81272006;0
0.91076875;1
0.87310547;0
0.7345727;1
0.7933097;1
0.9960312;1
0.9190936;0
0.551312;0
0.9846085;1
0.2862586;1
0.8589536;1
0.95207685;1
0.90898705;1
0.98750174;1
0.88964164;0
0.3263281;1
0.7941031;1
0.60878694;0
0.3656956;0
0.79413277;1
0.85766417;1
0.7824343;1
0.7978543;1
0.7802089;1
0.7307718;1
0.97859186;1
0.77292234;1
0.7654159;0
0.94560397;1
0.8485386;1
0.8765019;0
0.91984993;1
0.7517333;1
0.9575501;1
0.912304;1
0.8222336;1
0.98564106;1
0.62594247;1
0.25657737;0
0.99393326;0
0.75221455;1
0.981012;1
0.9008332;1
0.8196147;1
0.4460268;1
0.8247372;1
0.9408883;1
0.3774309;1
0.42892593;0
0.9532176;0
0.49404213;0
0.975172;1
0.9612701;1
0.8281891;1
0.5593308;1
0.42792222;0
0.7464869;1
0.96978194;1
0.6328517;1
0.76216334;1
0.584703;0
0.8506862;0
0.7713538;1
0.9758591;1
0.6220872;1
0.9730982;1
0.4752282;1
0.7622477;1
0.4019497;1
0.9972777;1
0.9208243;1
0.92314106;1
0.97552663;1
0.10654686;0
0.7277584;1
0.8816349;1
0.9698232;1
0.99043256;1
0.9725466;1
0.4875705;1
0.95730424;1
0.9662602;1
0.6277111;0
0.8796328;0
0.6735819;0
0.82748127;1
0.9920839;1
0.94964474;0
0.66027796;1
0.555822;1
0.607444;1
0.8107625;1
0.5413775;0
0.28319252;0
0.7435987;0
0.89868045;0
0.5737616;1
0.92646134;1
0.52569836;0
0.62107354;1
0.9757087;1
0.9778457;1
0.92995787;1
0.9879118;1
0.5735224;1
0.82771087;1
0.9948886;1
0.3860296;0
0.610852;1
0.81403625;1
0.9357777;1
0.51540214;1
0.6097434;0
0.98001933;1
0.871294;1
0.86888164;1
0.9844155;1
0.9123798;0
0.4631012;1
0.8810782;1
0.9912068;1
0.8572693;1
0.99868387;1
0.99151504;1
0.9028857;0
0.80139333;1
0.98730344;1
0.9528726;0
0.5930877;1
0.9880541;1
0.7833642;1
0.6688864;0
0.5667395;1
0.16693532;0
0.84009206;0
0.75976664;1
0.39792678;0
0.8931144;1
0.89355916;0
0.8823728;1
0.94457746;1
0.9358922;1
0.45631012;1
0.5261603;1
0.8853597;1
0.84906626;1
0.9844332;1
0.46949404;1
0.5399083;1
0.99624485;1
0.40377614;1
0.555714;1
0.999962;1
0.8764077;1
0.99093455;1
0.6386674;1
0.6306067;1
0.84490484;1
0.8451208;1
0.5315076;0
0.9399578;1
0.74751914;0
0.30792534;0
0.5524623;0
0.93496114;1
0.7949549;0
0.8974584;0
0.6243562;1
0.7000946;1
0.09653023;0
0.92265314;1
0.87227803;1
0.8098761;1
0.9895913;1
0.90280545;1
0.8031113;0
0.92255294;1
0.7100306;1
0.987706;1
0.4858268;1
0.7924669;1
0.8852346;0
0.72093356;0
0.94364405;1
0.998604;1
0.78301346;0
0.46183842;0
0.85157025;1
0.75609624;1
0.53295225;0
0.9220192;1
0.3818226;0
0.8213632;1
0.8166009;1
0.32692063;0
0.8760996;0
0.9839361;1
0.18775786;0
0.9864689;1
0.7647212;1
0.85425806;1
0.69620806;0
0.96623224;1
0.9995503;1
0.81605804;1
0.3485155;0
0.698388;1
0.97929573;1
0.46604383;0
0.8492094;1
0.38604674;1
0.96333903;1
0.98788154;1
0.6436386;0
0.6053953;0
0.9073197;1
0.9907664;1
0.19783801;0
0.6776094;0
0.63416225;1
0.9676692;1
0.8404037;0
0.4482151;1
0.79756904;0
0.6132326;0
0.9369156;1
0.8923417;1
0.49137354;1
0.7917206;1
0.4751793;1
0.38759634;0
0.5391457;0
0.7685328;0
0.7149207;0
0.8776729;1
0.3617272;0
0.98043746;1
0.92650914;1
0.99283904;1
0.99402606;1
0.76090294;1
0.8941858;0
0.97140324;1
0.9789003;1
0.96606565;1
0.7766726;1
0.8852122;1
0.88443184;0
0.9001284;1
0.8374728;1
0.99854386;1
0.81413764;1
0.8954243;1
0.99144113;0
0.46630916;1
0.9961965;1
0.72341853;0
0.9993343;1
0.9868197;1
0.9461085;1
0.95363814;1
0.9689791;1
0.8412656;1
0.84743893;0
0.69069546;1
0.99850583;1
0.9149572;0
0.63087857;0
0.9069179;1
0.95537704;0
0.9235083;0
0.7742904;0
0.98214495;1
0.99180377;0
0.98930895;1
0.9728468;1
0.82650506;1
0.71858174;1
0.48685133;0
0.97869694;1
0.8423198;1
0.9277316;1
0.9489742;1
0.5171834;1
0.55174744;1
0.9852293;1
0.95745367;1
0.7226259;1
0.952359;1
0.8223538;1
0.9443702;1
0.992061;1
0.98987436;1
0.8804312;0
0.9540418;1
0.96887624;1
0.39173374;0
0.65189373;1
0.94569737;1
0.21137187;0
0.5315098;1
0.91587687;1
0.9645577;1
0.95728815;1
0.99789727;1
0.8490645;1
0.806939;0
0.6654459;0
0.8948922;1
0.9793113;1
0.95212847;1
0.94028723;1
0.6160146;1
0.95397115;1
0.63320017;0
0.74453557;1
0.8851311;1
0.4473149;0
0.8517376;1
0.44703218;1
0.78227013;1
0.9987577;0
0.75262773;0
0.62409186;0
0.9750577;1
0.94409853;0
0.89826006;1
0.62082434;0
0.97263724;1
0.8703448;1
0.9980889;1
0.63845474;0
0.72350264;1
0.84188825;1
0.53280276;1
0.93850255;1
0.74551785;0
0.5602387;1
0.7960294;0
0.41067693;0
0.9663302;1
0.62732613;0
0.6697148;1
0.25683764;0
0.1425867;0
0.40415186;0
0.94211596;1
0.33729678;0
0.5445325;0
0.54545474;1
0.8854056;1
0.9946496;0
0.6118343;1
0.2238192;1
0.8414346;1
0.6142391;0
0.70378506;1
0.6398746;1
0.84511447;0
0.92818785;1
0.10868018;0
0.81991047;1
0.9874463;1
0.98458475;1
0.9163647;1
0.9908947;0
0.067258745;0
0.94274646;1
0.79333013;0
0.33823857;1
0.9556216;1
0.48558703;0
0.919881;0
0.72586215;0
0.30664223;0
0.94520605;1
0.76952815;1
0.9660863;1
0.7197381;0
0.8828964;1
0.8373691;1
0.93056446;0
0.8179402;1
0.8305092;1
0.7868805;1
0.9947995;1
0.75812143;1
0.64651984;0
0.6863981;1
0.7246365;1
0.8121948;1
0.8913536;0
0.97026896;1
0.9879215;1
0.9321624;1
0.9780302;1
0.8370186;1
0.99190485;1
0.95237654;0
0.99220407;1
0.72613627;1
0.98167866;1
0.92700726;1
0.85182154;1
0.84657365;0
0.5642771;0
0.89633954;1
0.97056174;0
0.9772578;0
0.68246174;1
0.6925119;1
0.78730655;0
0.986624;1
0.78760785;0
0.4103359;1
0.8311676;1
0.9882476;1
0.9585291;1
0.9171857;1
0.5727327;0
0.7401015;0
0.5493596;0
0.20554191;0
0.70883185;1
0.811304;1
0.56414694;0
0.6886836;0
0.43127424;1
0.9287404;0
0.64934313;1
0.63527554;1
0.91272646;1
0.9924614;1
0.3640861;1
0.39275026;1
0.8565263;1
0.45516035;0
0.6626683;1
0.6599529;1
0.84117573;1
0.91869956;1
0.905599;1
0.8107301;0
0.98448426;1
0.24935308;0
0.8952505;0
0.87550926;1
0.73166305;0
0.68352413;1
0.98606575;1
0.91626304;1
0.97742325;1
0.7768047;0
0.24511649;0
0.5290657;0
0.97355294;1
0.97675496;1
0.44784257;0
0.76973045;1
0.76821357;1
0.7421787;1
0.9741426;1
0.9548926;1
0.99206597;1
0.9362401;1
0.8959518;1
0.97782326;1
0.96225446;1
0.9227005;1
0.61974585;1
0.76743466;0
0.97815347;1
0.9452529;1
0.18851121;0
0.8233077;1
0.94394386;0
0.94523764;1
0.9355762;1
0.52139676;0
0.85980815;1
0.73213744;0
0.91490585;0
0.5927528;0
0.93794155;1
0.10672928;0
0.8996495;1
0.69301707;1
0.534743;0
0.749582;1
0.982926;1
0.96427876;0
0.97236;1
0.89002174;1
0.5424953;1
0.4807299;0
0.99582785;1
0.8746063;1
0.50987095;1
0.6346234;1
0.6658592;1
0.9929929;0
0.61920065;1
0.99291444;1
0.6960616;1
0.984979;1
0.18183488;0
0.8928034;1
0.40184984;0
0.99623317;1
0.66939;1
0.9216448;1
0.13164464;0
0.92389315;1
0.86317843;1
0.6669852;1
0.95716494;1
0.9619534;0
0.6933383;1
0.9155774;0
0.7264066;1
0.6532975;0
0.6137416;1
0.96229684;1
0.30652317;0
0.90817076;0
0.99974316;1
0.60591847;0
0.9673551;1
0.57561094;0
0.71704996;1
0.5297522;0
0.55574566;0
0.9025247;1
0.99470335;1
0.8402144;1
0.5459433;0
0.5486865;1
0.9724752;1
0.5919061;0
0.9690477;1
0.9755567;1
0.9864379;1
0.93682057;1
0.8896415;0
0.35031;1
0.98555;1
0.97363937;1
0.48633808;1
0.7339059;0
0.60019445;1
0.7980176;1
0.9951544;1
0.6570685;1
0.19339341;0
0.85290414;1
0.6132299;1
0.37808064;0
0.6967611;1
0.6692138;0
0.90511125;0
0.79412013;1
0.5182843;0
0.9794024;1
0.8082766;1
0.31058565;0
0.9876345;1
0.80040324;0
0.8452807;1
0.6716682;1
0.94894433;0
0.47844443;0
0.9588359;1
0.9155365;0
0.88239014;1
0.07299076;1
0.33546957;1
0.9166447;1
0.971264;1
0.3254651;0
0.9592415;1
0.9847484;1
0.7082052;1
0.6028444;1
0.35833862;0
0.86163795;0
0.98393905;1
0.65086424;1
0.8836622;0
0.93617404;0
0.9234613;1
0.75979906;1
0.9796616;1
0.7838051;0
0.9916768;1
0.79110765;0
0.38564697;0
0.3533634;0
0.9026725;1
0.83221126;1
0.8039482;0
0.2586862;1
0.8845126;0
0.750481;1
0.98639023;1
0.96209013;1
0.9633049;1
0.78646284;0
0.96020925;1
0.27955583;1
0.76097184;0
0.97071403;1
0.7102922;0
0.98390883;1
0.9703821;1
0.9973254;1
0.7869938;0
0.9053569;1
0.78784376;1
0.5402806;1
0.83634126;1
0.94775254;1
0.78534913;0
0.30298004;0
0.9906556;1
0.9307119;1
0.9448747;1
0.99780124;1
0.95545596;0
0.9977157;1
0.86942923;1
0.77692556;0
0.93567884;1
0.6979405;1
0.66151685;1
0.9814906;1
0.5712309;1
0.9996165;1
0.64017045;1
0.9558705;0
0.64152426;1
0.740947;0
0.9246407;1
0.77078164;1
0.8277823;0
0.57327896;0
0.98346174;1
0.5920526;0
0.763235;1
0.9403063;0
0.76332945;0
0.95114636;0
0.86794007;0
0.75255823;0
0.9266836;1
0.81980765;1
0.9457305;1
0.27559718;0
0.73563987;1
0.27688232;1
0.91987926;0
0.65626836;0
0.9552415;1
0.8658763;1
0.8453365;0
0.88690406;1
0.88982236;0
0.9962883;1
0.715784;0
0.9763822;0
0.7933903;0
0.9430347;1
0.80618346;0
0.9157868;0
0.44677177;0
0.9070603;0
0.6744364;0
0.97951895;1
0.6386766;1
0.51747555;1
0.9768609;1
0.9836866;1
0.7080845;0
0.91613835;0
0.5503963;1
0.9816093;1
0.54716027;1
0.76034147;1
0.75122833;1
0.81474257;1
0.7725611;0
0.9670451;1
0.91081053;1
0.6143124;1
0.94308835;1
0.5469849;0
0.8432895;1
0.8415499;1
0.5519362;0
0.85146564;0
0.15741669;0
0.23203358;1
0.5677538;0
0.30728528;1
0.9889981;1
0.52469593;1
0.9991297;0
0.9683368;1
0.12334008;0
0.41246223;0
0.9699081;1
0.25725874;0
0.36067998;0
0.980145;1
0.9910738;1
0.78800285;0
0.9832879;1
0.8184415;1
0.81264716;1
0.8324074;1
0.55876416;0
0.99173284;1
0.8267442;1
0.9629655;0
0.85639495;1
0.9163535;1
0.96475714;0
0.87456244;1
0.9164408;1
0.5424097;0
0.872936;1
0.36976448;0
0.9902716;0
0.98688066;1
0.9704273;1
0.555484;0
0.72661656;1
0.84404796;1
0.9152661;1
0.9969798;0
0.8823081;0
0.9155762;1
0.9474445;1
0.6210127;1
0.6926534;1
0.64612126;0
0.9879853;1
0.93583;1
0.21983932;0
0.6006327;1
0.8469808;1
0.1600912;1
0.77023685;0
0.8322745;0
0.99906725;1
0.9819443;1
0.35517284;0
0.35202065;0
0.8409332;1
0.9245574;1
0.53844506;0
0.99347925;1
0.96845144;1
0.94051397;1
0.96923214;1
0.7940694;0
0.23582445;1
0.8726865;1
0.58317727;0
0.7848361;1
0.8410343;1
0.99728656;1
0.92115957;1
0.98767614;1
0.26148054;0
0.7825811;1
0.9801808;1
0.9753221;0
0.7559917;0
0.82988155;1
0.95657873;1
0.97489774;0
0.9923888;1
0.7818424;1
0.77656204;1
0.8240652;1
0.8487564;0
0.07311045;0
0.9476061;1
0.91426396;1
0.7259537;1
0.6667221;0
0.994843;1
0.8128745;1
0.4833718;0
0.95084506;1
0.9986928;1
0.9172745;1
0.7103384;0
0.9925372;1
0.9040669;1
0.96020484;1
0.9895718;1
0.6656251;1
0.67718637;1
0.6570347;0
0.36017147;0
0.6000438;1
0.19150923;0
0.9917174;0
0.82663804;1
0.9794517;1
0.6932875;1
0.5536568;0
0.86045855;1
0.8152693;1
0.9921061;1
0.8914179;1
0.64642936;1
0.7714008;1
0.6993733;0
0.6711238;1
0.83062893;0
0.9335989;1
0.5315559;1
0.7163658;0
0.67644;0
0.9459391;1
0.9192;0
0.6202403;1
0.7622128;1
0.80026317;0
0.85708725;1
0.1965254;0
0.4928588;1
0.087249056;0
0.32948792;0
0.9900621;1
0.98922545;1
0.49225014;1
0.8825373;1
0.8186442;1
0.6646136;1
0.5532597;0
0.75343853;1
0.9977598;1
0.50120026;0
0.8124288;1
0.86110497;1
0.9765633;0
0.97541106;1
0.79833573;1
0.85896313;1
0.91280115;1
0.8072869;1
0.99388134;1
0.9795742;0
0.24486606;1
0.9747702;1
0.9945385;1
0.9945686;1
0.47189996;0
0.80014944;0
0.9285128;1
0.85140973;0
0.9201382;1
0.8052664;1
0.9907933;1
0.97983164;0
0.39699754;0
0.7777915;1
0.8966566;1
0.12201199;0
0.1256501;0
0.9487728;0
0.9511425;1
0.6046269;1
0.9571074;1
0.28348807;0
0.75217754;1
0.99284345;1
0.97038114;1
0.9221999;1
0.7575;1
0.7800458;1
0.74150217;0
0.94077075;1
0.8351144;1
0.3569381;0
0.9727093;1
0.7564551;1
0.4954347;0
0.67019045;0
0.43293783;1
0.9256892;1
0.9937522;1
0.6875558;1
0.6307304;1
0.5656636;0
0.2693058;0
0.4060841;0
0.825724;1
0.44393504;1
0.91368604;1
0.6682682;0
0.70662117;1
0.33537823;0
0.9444562;1
0.95394915;1
0.98836875;1
0.4543345;0
0.37039977;0
0.96733016;1
0.93742543;1
0.7931188;0
0.23173837;1
0.9054219;1
0.7371591;1
0.7927892;1
0.68092996;1
0.78303087;0
0.45538563;0
0.7065151;0
0.87206584;1
0.73780036;0
0.9799453;1
0.63598716;0
0.8961654;1
0.9001116;0
0.9649504;1
0.5061875;0
0.5464484;1
0.877815;1
0.56611985;0
0.86261433;1
0.7420428;0
0.66905206;1
0.99995315;1
0.93840367;1
0.71416366;1
0.5537106;0
0.90192723;1
0.2800852;0
0.15809916;0
0.5157161;0
0.6502994;1
0.9621274;1
0.14255309;0
0.99993956;1
0.34856778;1
0.9638338;1
0.938107;1
0.67514265;0
0.98634315;1
0.5614082;1
0.8898283;0
0.76747024;1
0.79738194;1
0.9531909;0
0.9166482;1
0.7446075;0
0.08141699;0
0.9588126;1
0.49803922;1
0.6254029;1
0.70696986;0
0.23710087;0
0.6946931;1
0.777126;1
0.9720258;1
0.6814923;1
0.99372756;1
0.9120889;1
0.9816383;1
0.6135784;0
0.6675745;0
0.77060056;1
0.998386;0
0.57648534;1
0.8883229;1
0.5269015;1
0.47500584;1
0.98274785;1
0.67196465;0
0.22626549;0
0.6707339;1
0.94151694;1
0.97261864;1
0.8744944;1
0.67453873;0
0.64526284;0
0.9799153;1
0.2368733;1
0.9496715;1
0.6031911;0
0.4958822;1
0.24611342;1
0.6203801;0
0.40239492;0
0.71491694;1
0.7746154;1
0.8299213;1
0.6082078;1
0.5079111;1
0.6199143;0
0.3118654;0
0.93555987;0
0.87378776;1
0.9799861;1
0.65794736;0
0.887547;1
0.71754616;1
0.29560703;1
0.7063218;0
0.98533094;1
0.9807145;1
0.44769076;0
0.6935288;0
0.9596374;1
0.6505483;0
0.57084894;1
0.5094784;0
0.35717872;0
0.9673788;1
0.9606918;1
0.30218166;0
0.88207626;0
0.18345854;0
0.7441038;0
0.9969248;1
0.7335296;0
0.1583733;1
0.9651721;1
0.86526585;0
0.7814387;1
0.8053089;0
0.67858934;0
0.8570579;0
0.9888809;1
0.96822786;1
0.8167278;1
0.96598655;1
0.83772403;0
0.98757756;0
0.9953654;1
0.8367981;1
0.9510378;1
0.38047493;1
0.3109732;0
0.34557262;0
0.29289752;0
0.8940964;0
0.5087326;0
0.8811627;1
0.82411045;0
0.9430164;1
0.75309706;1
0.6326216;0
0.9844157;1
0.7556282;0
0.9428484;1
0.17767952;0
0.7353424;1
0.81458485;1
0.90118456;1
0.6132509;1
0.81568885;0
0.93622524;1
0.65245235;0
0.86470956;1
0.45681947;0
0.7734436;0
0.85562086;0
0.6710519;1
0.95196;1
0.9883819;1
0.85291463;0
0.8410766;1
0.98496985;1
0.841334;1
0.9942649;1
0.9658173;1
0.60405713;0
0.84293455;1
0.9383925;1
0.8985817;0
0.86672175;1
0.8945292;1
0.6419731;1
0.93375134;1
0.98287934;1
0.50972414;1
0.9851425;1
0.5751522;0
0.39571932;1
0.34204873;1
0.9778781;1
0.96137285;1
0.99772316;1
0.80119056;0
0.91731256;1
0.2254744;0
0.95977545;0
0.9577881;1
0.9822342;0
0.563178;1
0.9813876;0
0.9440882;1
0.91299367;1
0.9669617;1
0.93578607;1
0.71557236;0
0.85555875;0
0.56777644;0
0.68946344;1
0.7175026;0
0.85590845;1
0.8682806;1
0.7500055;1
0.9872105;1
0.90562254;1
0.9911577;1
0.9752408;1
0.97790456;1
0.65101147;1
0.99026567;1
0.828246;1
0.8961376;1
0.8814231;1
0.9708872;1
0.9562784;1
0.51005024;0
0.806017;1
0.98867804;1
0.72766685;0
0.9493063;0
0.9986519;1
0.37535426;0
0.92673606;1
0.9893574;1
0.8520656;1
0.6398641;0
0.9758706;1
0.6038298;1
0.99426395;1
0.82925683;1
0.9892357;1
0.94720024;1
0.92944056;1
0.7457211;0
0.96969044;1
0.9279376;1
0.9371065;1
0.17962626;0
0.9851584;1
0.93774307;1
0.99999285;1
0.6737412;1
0.6886863;0
0.643323;0
0.82504636;0
0.42210844;0
0.21412887;0
0.76559293;1
0.4970038;0
0.2358674;0
0.7450621;1
0.73323613;0
0.6002342;1
0.60231894;0
0.63971287;0
0.99873763;1
0.93469834;1
0.8977342;1
0.99515116;1
0.8235303;1
0.8788843;1
0.9155374;1
0.9982857;1
0.88771486;1
0.9426005;1
0.30391815;1
0.95459425;0
0.81156653;1
0.9552378;1
0.9961914;1
0.555317;1
0.32426736;1
0.3408116;0
0.8762806;1
0.9691357;1
0.91811484;1
0.847552;0
0.25478956;0
0.6799022;1
0.92495924;1
0.9588471;1
0.71873504;0
0.18273649;0
0.8447223;1
0.24559006;0
0.9521138;1
0.9499821;1
0.97210926;0
0.841102;1
0.85207987;1
0.35296002;0
0.9444041;1
0.87369126;1
0.15904635;1
0.65242153;1
0.99490064;1
0.5326264;0
0.9210532;1
0.8455517;0
0.9460175;0
0.7489982;0
0.9853572;1
0.8983627;1
0.8050268;1
0.7155491;1
0.8781525;1
0.8906111;0
0.39186814;1
0.9952486;1
0.7348407;1
0.9248585;0
0.37793452;0
0.74701786;0
0.97503656;1
0.8983533;1
0.73257226;1
0.788232;1
0.93046427;0
0.686827;0
0.5512675;0
0.9026759;0
0.5060516;0
0.9263921;1
0.5458083;1
0.95204085;1
0.58066785;0
0.5815632;0
0.12997392;0
0.84222794;1
0.8410357;0
0.41206825;1
0.9937687;1
0.9159196;1
0.24069227;0
0.97876567;1
0.13782589;0
0.8232061;0
0.67649305;1
0.9995105;1
0.67888004;1
0.5378223;1
0.9477704;1
0.9781634;1
0.46503043;1
0.65449315;0
0.97215694;1
0.13603494;1
0.96478444;1
0.516416;0
0.66776776;1
0.5049956;1
0.45283636;1
0.7714776;1
0.77808404;1
0.96552724;1
0.43872994;1
0.33094448;0
0.94725305;1
0.3768058;0
0.93321365;1
0.96696776;1
0.9993593;1
0.49690023;0
0.9192853;1
0.9930997;1
0.557136;1
0.9940454;0
0.98341066;1
0.6660307;0
0.5028226;1
0.7598497;0
0.94596535;0
0.98929334;1
0.958626;0
0.9290671;1
0.952423;1
0.8981323;1
0.5388419;1
0.59449756;0
0.1561932;0
0.38609603;0
0.8733276;1
0.103914306;0
0.64036864;0
0.98266196;1
0.22920527;0
0.7614512;1
0.84902835;1
0.5456485;1
0.62638867;0
0.834171;1
0.8824124;0
0.68280894;1
0.96318144;1
0.6124407;0
0.9739765;1
0.42380196;1
0.76735896;1
0.97309655;1
0.7633635;1
0.39881036;0
0.43466437;0
0.77530205;1
0.81003845;1
0.8236312;0
0.8704915;0
0.6965655;1
0.7516933;1
0.9527161;1
0.99174905;1
0.86413306;1
0.9155774;1
0.9895607;1
0.8978132;1
0.565608;1
0.993915;1
0.29919094;1
0.8264425;0
0.8714652;1
0.9274948;1
0.7971565;1
0.679537;1
0.6869964;1
0.83833635;1
0.49907073;1
0.9701541;1
0.8156182;1
0.9865024;1
0.93714166;1
0.860878;0
0.69957185;0
0.98739094;1
0.97810715;1
0.9897564;0
0.77159834;0
0.96488637;1
0.9965803;1
0.711039;0
0.97053367;1
0.8253318;0
0.93780756;1
0.5542231;0
0.6799392;0
0.82647115;1
0.7512223;1
0.9295391;1
0.9204475;1
0.8154747;1
0.7432674;1
0.8375445;1
0.3272005;0
0.78533864;1
0.8228945;0
0.6698434;1
0.3660853;1
0.7852735;1
0.40269536;0
0.39412573;1
0.9703727;1
0.9848363;1
0.60990405;0
0.70366305;1
0.7630373;1
0.99818015;1
0.9601979;1
0.99156743;1
0.6107516;0
0.8920964;1
0.9613597;1
0.9957625;1
0.53195643;1
0.7988936;0
0.71869403;1
0.733827;1
0.9555392;0
0.98638165;1
0.51437855;1
0.6698849;0
0.993256;1
0.66029656;1
0.5412227;0
0.34101728;1
0.8105123;0
0.5982723;0
0.9525482;1
0.96919703;1
0.9714597;1
0.9921617;1
0.918283;1
0.9180162;1
0.42945287;1
0.10762741;0
0.7341722;0
0.9765347;1
0.55051416;1
0.9785976;1
0.5365773;0
0.9713074;1
0.7464199;1
0.78251487;1
0.9872721;1
0.9628628;1
0.998922;1
0.71985877;1
0.9379718;0
0.74101156;0
0.9326396;1
0.8885407;0
0.98244756;0
0.9952042;0
0.9920616;1
0.8616321;1
0.9858109;0
0.94834054;1
0.746021;1
0.6823991;0
0.728508;0
0.9836399;1
0.9000221;0
0.19218785;0
0.89898115;1
0.9738358;0
0.7910572;0
0.81396765;0
0.77468497;1
0.98914343;1
0.9613901;0
0.6303133;0
0.9933548;1
0.92412233;1
0.9996338;1
0.957745;1
0.99261147;1
0.5366916;1
0.68870276;1
0.9932012;1
0.35257196;0
0.8100802;0
0.7493132;1
0.9210449;1
0.97790945;1
0.76933354;0
0.70202124;0
0.99123794;0
0.88394517;1
0.9908426;1
0.5495153;0
0.46927977;0
0.97662354;1
0.99843866;1
0.9010169;0
0.5907452;1
0.9830208;1
0.24482897;0
0.99961793;1
0.7716589;1
0.99725777;1
0.30784306;0
0.64696443;1
0.4196643;1
0.9718285;1
0.978646;1
0.91934794;1
0.8121943;1
0.98606515;1
0.32942086;0
0.95078516;1
0.9162206;1
0.92235243;0
0.99387026;1
0.8013316;1
0.6582977;0
0.9423553;1
0.865135;1
0.9039986;1
0.9177294;1
0.7205309;0
0.9015879;1
0.63221884;0
0.46987504;1
0.76845944;0
0.95803803;1
0.5117964;1
0.09195957;0
0.840693;1
0.730242;0
0.4973393;0
0.9304394;1
0.9345468;0
0.9977114;1
0.9837578;1
0.68738;1
0.9920769;1
0.94031566;1
0.9108669;1
0.27032813;1
0.9245792;1
0.998013;1
0.7777414;0
0.99125004;1
0.72432226;1
0.5564386;0
0.3824337;0
0.7582659;0
0.50394946;0
0.98734456;1
0.18702808;0
0.82511085;1
0.85862684;1
0.55399436;1
0.67002755;1
0.81590766;1
0.8075119;0
0.68795365;1
0.73556685;0
0.40995175;0
0.7737658;0
0.83585376;0
0.78136283;0
0.7366058;1
0.3929613;0
0.97108656;1
0.78358996;1
0.5158145;1
0.8801348;0
0.9949197;1
0.69692034;1
0.6003977;1
0.7123962;0
0.96594644;1
0.6896092;0
0.5933691;1
0.55978316;1
0.7317973;1
0.96847725;0
0.62262404;1
0.8730226;0
0.52098864;1
0.930944;1
0.8151112;0
0.7415677;1
0.809521;1
0.85871243;0
0.88826966;1
0.43277994;1
0.95471996;1
0.9401084;0
0.7139473;1
0.99323434;0
0.7609794;0
0.70781237;0
0.35278335;0
0.69178253;0
0.9724868;1
0.8608009;0
0.4808982;1
0.913472;1
0.7765471;1
0.8538729;1
0.9648461;1
0.8758092;1
0.9463752;1
0.97303796;1
0.22035085;0
0.33880666;0
0.35718405;1
0.77217275;0
0.41601115;1
0.75589484;1
0.6747796;1
0.93257344;1
0.88692075;1
0.9038967;0
0.99055;1
0.87267923;1
0.97695345;1
0.9617613;1
0.9035845;1
0.5178329;1
0.96891886;1
0.5351116;1
0.9672618;1
0.9964322;0
0.94863635;1
0.6678159;0
0.95549285;1
0.76603955;1
0.6571528;1
0.9917602;1
0.9174356;1
0.99040526;1
0.50518125;0
0.9840544;1
0.9642896;1
0.69157904;1
0.9851091;1
0.66885585;0
0.74731773;1
0.84847677;1
0.65477675;0
0.7389936;1
0.27755812;1
0.73526335;1
0.9656972;1
0.95006573;1
0.9562334;0
0.85266846;1
0.3008895;0
0.6165031;0
0.8603067;1
0.9423524;1
0.74521554;0
0.9630704;1
0.98966867;1
0.83050895;0
0.675161;1
0.9791763;1
0.9607106;1
0.91129625;1
0.78863394;1
0.52887374;1
0.9463976;1
0.98565936;1
0.97121966;1
0.77225816;0
0.9988029;1
0.99399984;1
0.5957652;0
0.8081667;0
0.58548516;1
0.7935745;1
0.7922594;0
0.6324544;0
0.45723867;1
0.4702724;0
0.8110346;1
0.98297125;1
0.9847526;1
0.83550566;1
0.82611454;1
0.7481969;1
0.16228358;0
0.5156295;1
0.7472862;1
0.5644765;0
0.3808891;0
0.7119235;1
0.82210344;1
0.8739922;1
0.9569788;0
0.4266386;0
0.9520095;1
0.9679968;1
0.5419478;1
0.6435982;0
0.67934203;0
0.77994;1
0.52260923;0
0.76680225;1
0.5540794;1
0.9269849;1
0.97247934;1
0.9784117;1
0.32431486;0
0.5631289;0
0.9132214;1
0.89338356;0
0.09749164;0
0.9995245;1
0.9224837;1
0.62100494;0
0.7866498;1
0.45793334;0
0.95958745;1
0.8653153;1
0.9069768;1
0.88206744;1
0.8752897;0
0.9547887;1
0.68169636;0
0.9088211;1
0.8077217;1
0.9573368;1
0.93010277;1
0.9129647;1
0.5340217;1
0.64573634;1
0.8819161;1
0.99829453;1
0.99254686;1
0.795462;1
0.8558599;1
0.2777295;0
0.9441319;1
0.71971905;1
0.7200379;1
0.60032654;1
0.6027229;1
0.8065985;0
0.94131356;1
0.21973115;0
0.9425172;1
0.9269101;1
0.966819;1
0.9138713;1
0.9412627;1
0.6687291;1
0.957258;1
0.77106506;1
0.43019602;1
0.9903685;1
0.72951216;1
0.17808805;0
0.989679;1
0.21118331;0
0.72518176;1
0.49905846;1
0.98392373;1
0.84413725;0
0.8196054;0
0.96592414;1
0.95027137;1
0.45811704;1
0.8691838;1
0.99356055;1
0.97372526;1
0.5852338;0
0.97708225;1
0.99360365;1
0.8718668;1
0.93621564;1
0.93277335;1
0.6784631;1
0.97154355;1
0.8169307;1
0.7735959;0
0.17562687;0
0.42482975;1
0.89722455;0
0.97009516;1
0.7339927;1
0.74009407;1
0.86447555;1
0.91250527;1
0.77467966;0
0.79503596;0
0.81133074;0
0.5902707;1
0.77908385;0
0.27779597;0
0.93125653;1
0.56267345;0
0.90091115;1
0.54140747;0
0.31706697;0
0.97661453;1
0.807577;1
0.9003958;1
0.98642457;1
0.9363457;1
0.8061434;0
0.9762139;1
0.9595409;1
0.91547775;1
0.46920648;1
0.70862585;1
0.4763961;1
0.941689;1
0.78180367;0
0.99043417;1
0.5751134;0
0.88815236;1
0.6604011;1
0.74869907;1
0.93204623;1
0.94914275;1
0.6720814;0
0.82544094;0
0.94446206;1
0.6977046;0
0.8584153;1
0.5931942;1
0.35927853;1
0.9752322;1
0.96068555;1
0.9054719;0
0.5678204;0
0.95435774;1
0.5651828;1
0.9422033;1
0.962497;1
0.7030384;0
0.91005987;1
0.9727338;1
0.77252275;0
0.9970643;0
0.995082;1
0.4376077;1
0.90560937;0
0.9386147;1
0.927698;1
0.8795228;0
0.8944615;1
0.97580045;1
0.9763456;1
0.97047585;1
0.9932226;1
0.5112389;1
0.96303964;1
0.88322717;1
0.99538296;1
0.9976573;1
0.8010723;0
0.9906944;1
0.3577648;0
0.95230335;1
0.84005755;1
0.96718764;1
0.5173514;0
0.868729;1
0.866622;1
0.7948163;1
0.93931466;1
0.9946024;0
0.97562975;1
0.7343504;0
0.8386686;0
0.77107185;1
0.9245252;1
0.7235339;1
0.8241763;1
0.9395282;1
0.97165686;0
0.6559352;1
0.9216147;0
0.97044533;1
0.9663854;1
0.9615168;0
0.9988417;1
0.88984054;0
0.33497885;1
0.9983748;1
0.64071965;0
0.86914897;0
0.9829869;1
0.729549;1
0.80237436;1
0.84511566;0
0.57297033;0
0.8634129;1
0.6706049;1
0.9438788;1
0.3507545;1
0.49136847;0
0.5349725;0
0.16277277;0
0.8120055;0
0.8982073;1
0.7745034;1
0.9945024;1
0.92443186;1
0.8565606;0
0.59707534;1
0.95847523;1
0.9342485;0
0.39339727;1
0.9594571;1
0.19886836;0
0.7598541;0
0.94686323;1
0.97907305;1
0.6153808;1
0.85854983;1
0.9793128;1
0.863275;0
0.96731913;1
0.92268723;1
0.96116555;0
0.9189761;1
0.9980636;1
0.76845855;1
0.86902004;1
0.71490014;0
0.9385793;1
0.9620475;1
0.54255754;0
0.9332393;1
0.7596659;0
0.64885265;1
0.53374636;0
0.9391009;1
0.66059774;1
0.39288628;0
0.9919453;0
0.8758327;1
0.98705786;1
0.9853308;1
0.6954256;0
0.8200314;1
0.6395625;0
0.5681083;0
0.69301784;0
0.1580531;0
0.7536855;1
0.41450748;0
0.84122103;1
0.51607627;0
0.88468444;1
0.15040916;0
0.80324;0
0.995434;1
0.30442548;0
0.91297036;1
0.940866;1
0.6580578;1
0.8021877;0
0.5330382;1
0.84543884;1
0.3522228;0
0.9555134;0
0.79038626;1
0.9823136;1
0.95250005;1
0.9253529;1
0.20627406;0
0.8338123;1
0.7062824;1
0.9205588;1
0.5708154;1
0.95526606;1
0.8436693;1
0.8430596;0
0.5396095;0
0.9298814;1
0.4934019;0
0.98458326;0
0.6704242;1
0.4617277;1
0.576805;1
0.66508603;0
0.59798014;1
0.9154863;0
0.9696871;1
0.988884;1
0.9146773;1
0.892454;0
0.9317344;1
0.7824578;0
0.8417616;1
0.9005604;1
0.3760087;0
0.553571;0
0.22038442;0
0.9791103;0
0.9674297;1
0.81151706;1
0.87573445;0
0.19031104;0
0.6366098;1
0.2346404;0
0.9277921;1
0.9603242;1
0.2805377;0
0.9991385;1
0.91193944;1
0.76795477;0
0.60255206;0
0.8797857;1
0.9325868;0
0.8382382;1
0.46150956;0
0.9559798;1
0.94403124;1
0.9975979;1
0.8283739;1
0.9910982;1
0.5607974;1
0.9798703;1
0.7995567;1
0.9139157;1
0.9864857;1
0.99428815;1
0.6171433;1
0.9768743;1
0.9964056;1
0.7987721;1
0.9724534;1
0.67504674;1
0.1750495;0
0.5131337;1
0.77260315;1
0.07464072;0
0.41050142;1
0.99996555;1
0.57056314;0
0.3148716;0
0.91502213;1
0.9749658;0
0.9845844;0
0.68218035;0
0.9056527;0
0.769711;1
0.83799046;1
0.97812676;1
0.83580893;0
0.6781682;1
0.5184836;0
0.9798298;1
0.9653828;1
0.80878747;1
0.5634226;1
0.49426132;0
0.78633916;0
0.88473266;0
0.99084634;1
0.9798253;0
0.69348025;1
0.8135235;1
0.7969565;1
0.77901804;1
0.9530044;1
0.89994895;0
0.97006625;0
0.5663484;1
0.9553347;1
0.7705874;1
0.9671679;1
0.93263763;1
0.9899513;1
0.36462247;0
0.9878615;1
0.9737535;1
0.8312129;1
0.40806052;0
0.8274222;0
0.8054442;1
0.8073499;1
0.9019962;1
0.71807265;0
0.80609465;1
0.7317044;1
0.92762196;1
0.8332512;1
0.8586202;1
0.93370944;0
0.9961748;1
0.80816156;1
0.68170655;1
0.8461334;1
0.9958339;1
0.9734988;1
0.77160805;0
0.9341536;1
0.97193456;1
0.9908528;1
0.9496954;1
0.72958106;1
0.70871687;1
0.42227167;1
0.9930983;1
0.9336347;1
0.15103588;0
0.8484828;0
0.6154872;0
0.3164128;1
0.65139663;0
0.98665583;1
0.8053757;1
0.73489684;0
0.6814432;0
0.42682183;1
0.89254516;1
0.9558905;1
0.8287561;1
0.94222;1
0.79153854;1
0.47753185;0
0.32626727;1
0.98861116;1
0.75813264;1
0.81536007;0
0.9877472;1
0.99987996;1
0.7694731;0
0.6916883;1
0.98501694;1
0.94808364;1
0.7702549;1
0.9715148;1
0.34099013;1
0.96898156;1
0.9999027;0
0.1681519;0
0.5916825;0
0.6857824;0
0.95604724;1
0.9964552;1
0.5912745;1
0.9706336;1
0.65724003;1
0.9742119;1
0.63932145;1
0.72359693;1
0.973179;0
0.6917454;1
0.37377602;1
0.5268109;0
0.91898036;1
0.76030976;0
0.45019063;1
0.66686666;0
0.9454629;1
0.88597316;1
0.7512982;1
0.5431581;0
0.7620287;0
0.8910124;1
0.87400234;1
0.92016846;1
0.9831697;1
0.96442544;1
0.30016977;0
0.835559;1
0.95079696;1
0.5494973;1
0.9920387;1
0.9060816;1
0.73742306;0
0.9973074;1
0.86788565;1
0.70764023;0
0.68717843;1
0.9426456;0
0.78015316;1
0.756223;0
0.7594959;0
0.9098811;1
0.98589545;1
0.19813628;0
0.9673739;1
0.9347454;1
0.6354176;1
0.38030732;0
0.5915619;1
0.94829315;1
0.9636874;1
0.96497947;0
0.8578837;1
0.98147845;1
0.51421547;1
0.9052494;1
0.89233184;0
0.97264594;1
0.88659674;0
0.90050846;1
0.86499345;1
0.7226748;0
0.50539327;1
0.6431588;0
0.99434;1
0.78240204;1
0.8175032;1
0.91763115;1
0.9965836;1
0.7637843;0
0.5224502;0
0.8881333;0
0.18123716;0
0.8548671;0
0.58005834;0
0.7638965;1
0.5121915;1
0.64618975;0
0.6654725;1
0.91868657;1
0.7543966;0
0.7695786;0
0.9978015;1
0.9736332;1
0.63706344;1
0.9423239;1
0.995634;1
0.8378763;1
0.9613428;1
0.98824817;0
0.45550197;1
0.48725572;1
0.8467588;0
0.29088446;0
0.92224586;1
0.9623708;1
0.760592;1
0.84848714;1
0.72007096;1
0.7434907;1
0.9207207;1
0.7328825;1
0.98510146;1
0.29426512;0
0.7278617;1
0.9684803;1
0.8557246;1
0.985768;1
0.7945786;1
0.7614597;1
0.83358717;0
0.6857956;1
0.604014;1
0.39003405;0
0.091188274;1
0.95326805;1
0.9667107;1
0.98359585;1
0.53804386;1
0.93513477;1
0.66451067;1
0.53666073;0
0.73253375;0
0.5434946;1
0.99917597;1
0.86877775;1
0.8307195;0
0.70663464;1
0.9776192;1
0.6108787;1
0.874531;1
0.94797486;1
0.54873675;0
0.9734718;1
0.8172614;0
0.9538577;1
0.77951306;0
0.38728577;0
0.8515079;1
0.9928883;1
0.91716486;1
0.604164;0
0.9501553;1
0.726855;0
0.9453754;1
0.9379136;0
0.67793083;1
0.05430229;1
0.6802045;1
0.69356245;1
0.62488264;0
0.78118503;1
0.909682;1
0.8266353;1
0.88039565;0
0.8844723;0
0.95448273;1
0.6611317;1
0.7644567;1
0.9955693;1
0.9682645;1
0.7800351;1
0.98181504;0
0.97801983;1
0.3765238;1
0.9923847;1
0.77791935;0
0.8980743;1
0.2091591;0
0.9107701;0
0.110625476;0
0.148963;0
0.5394175;1
0.7513458;0
0.96213335;1
0.6258518;1
0.9893657;1
0.8040641;1
0.36976242;0
0.68053496;0
0.9041692;0
0.97738945;1
0.9732474;0
0.7153666;1
0.50919306;0
0.48514888;1
0.91466105;0
0.97929525;1
0.9293349;1
0.97126997;1
0.9970235;1
0.802011;1
0.78016806;1
0.43533602;1
0.7755311;1
0.9769571;0
0.8483894;1
0.8921278;1
0.799572;1
0.98905784;1
0.67195946;0
0.73236126;0
0.7660567;1
0.6070697;1
0.5927323;1
0.46785837;0
0.99572575;1
0.5599408;1
0.6917259;1
0.981794;1
0.9924602;1
0.98567724;1
0.9965082;1
0.9921665;1
0.76565975;1
0.38209066;0
0.693953;1
0.8225115;1
0.88734394;1
0.66463286;1
0.32378918;0
0.8894142;0
0.7439554;1
0.85259354;1
0.73608845;0
0.7033688;1
0.9832713;0
0.8921205;1
0.96331733;1
0.29071605;0
0.86561936;0
0.9920046;1
0.87297493;0
0.8541258;0
0.9558681;1
0.97811687;1
0.8638921;0
0.88624644;1
0.954261;1
0.9187429;1
0.8980338;1
0.6677127;1
0.54569846;0
0.9992593;1
0.98092765;0
0.9855883;1
0.64352393;1
0.68485355;0
0.77882797;0
0.98748815;1
0.5910212;0
0.40420943;0
0.98276573;1
0.97938675;1
0.060714446;0
0.91424984;1
0.7972128;1
0.6407053;0
0.8616155;0
0.91944015;1
0.8798521;1
0.27894664;0
0.47819608;0
0.9566221;1
0.9682086;1
0.17340961;1
0.8366733;1
0.64040464;0
0.49650475;1
0.96523607;0
0.9954922;1
0.59835565;1
0.9838726;1
0.6991001;1
0.64186233;1
0.941162;1
0.686139;1
0.1862569;0
0.52606;1
0.77935094;0
0.7206373;1
0.8343918;1
0.96706647;1
0.21735668;0
0.42504215;0
0.72193676;0
0.1963667;0
0.3456799;0
0.55344784;1
0.8142817;0
0.59683484;0
0.8729593;1
0.6648988;0
0.5887843;1
0.96280235;1
0.7399256;0
0.820247;0
0.6014886;0
0.96968734;1
0.97660375;1
0.5984144;1
0.49257824;0
0.30555367;0
0.4669921;0
0.9604431;0
0.8786787;0
0.38225868;1
0.51046795;1
0.8383454;1
0.9133689;1
0.93613756;1
0.87577343;1
0.7533661;1
0.8908321;0
0.79906285;1
0.7389136;0
0.65276074;0
0.64264876;1
0.7719637;0
0.67139125;0
0.9843566;1
0.97590965;0
0.6845488;0
0.99830294;1
0.36052987;0
0.9149331;1
0.7228395;0
0.19303727;0
0.10722335;0
0.99673873;1
0.66497886;0
0.88544357;1
0.8258768;0
0.98157686;1
0.99445146;1
0.10388067;0
0.59117967;0
0.7002814;0
0.9260658;0
0.9010271;1
0.99827945;1
0.824313;1
0.97985655;1
0.99382484;1
0.519488;0
0.8701252;0
0.3813741;1
0.42453754;1
0.83787227;0
0.49353793;1
0.8232693;1
0.9949974;1
0.54065824;1
0.9026299;0
0.9486495;1
0.8871242;0
0.981232;1
0.97198975;1
0.71597624;1
0.47089714;0
0.51984715;0
0.9877999;1
0.9899463;1
0.99437815;1
0.6540118;1
0.8572297;0
0.93113995;1
0.8234505;1
0.86726654;1
0.94355345;1
0.91953075;1
0.894565;0
0.99846953;1
0.85197484;1
0.7875741;1
0.8463442;0
0.99516356;1
0.5934963;1
0.24539135;0
0.9175235;0
0.34619606;0
0.8688817;1
0.65770674;0
0.34423882;0
0.9017764;1
0.8124866;0
0.36254314;0
0.43012124;1
0.5866848;0
0.936415;1
0.986427;1
0.912827;1
0.86090547;1
0.6025417;0
0.3642656;0
0.99850595;1
0.9885704;1
0.99699914;1
0.20208348;0
0.9681929;1
0.5390099;0
0.7148878;0
0.8105185;1
0.9959858;1
0.5911661;0
0.73016167;1
0.9586617;1
0.5375419;0
0.6580239;0
0.9123848;1
0.7169429;1
0.7196018;1
0.9283786;1
0.9823537;1
0.17015603;0
0.36466834;0
0.9567177;1
0.5590293;0
0.91469693;1
0.7943617;0
0.6213685;1
0.80744654;1
0.98706436;0
0.9971522;0
0.7642759;1
0.962781;0
0.8512393;1
0.93723696;1
0.7288754;0
0.72127885;1
0.96557695;0
0.9599955;0
0.9562035;0
0.99186033;1
0.874292;1
0.946923;1
0.68585527;1
0.9976005;0
0.46234658;1
0.99478203;0
0.7264622;1
0.5278581;0
0.91243184;0
0.6457071;1
0.58619684;1
0.8191464;1
0.28672376;0
0.96832174;1
0.99718565;1
0.66790646;0
0.9779237;1
0.24216165;1
0.9675692;1
0.72111017;1
0.7664425;1
0.9802374;0
0.9762216;1
0.5882224;0
0.460976;1
0.8210231;1
0.8294338;0
0.9513231;0
0.94786084;1
0.9383115;0
0.94486916;1
0.9924947;1
0.8004506;0
0.85900754;1
0.46570188;1
0.20314753;0
0.35575774;1
0.96440727;1
0.9545834;1
0.9848792;1
0.16064233;0
0.98679405;1
0.2141725;1
0.57772964;1
0.9706449;0
0.9803689;1
0.87633234;0
0.89303577;1
0.68195236;1
0.7503234;0
0.20672354;1
0.57592595;1
0.953716;0
0.87070817;1
0.6803233;0
0.87471354;1
0.17729649;0
0.913073;1
0.9914629;1
0.9859627;1
0.26401377;1
0.8692515;0
0.88487446;1
0.9775334;1
0.089540474;0
0.90271974;1
0.43367767;0
0.8710908;1
0.08851838;0
0.77569145;0
0.70186067;1
0.90969485;0
0.9104622;1
0.40429616;0
0.9551385;1
0.9952917;0
0.9475107;1
0.616711;1
0.88689184;1
0.20399228;0
0.23075293;0
0.99736917;1
0.9623453;1
0.26530004;0
0.6770147;1
0.855204;1
0.98146284;1
0.8071066;1
0.8964316;0
0.9703963;1
0.8329898;0
0.99692327;1
0.9461432;1
0.83386874;1
0.9999207;1
0.9540395;1
0.98871976;1
0.97657084;1
0.5881854;0
0.99048144;1
0.74112666;0
0.5384887;0
0.77989894;0
0.9459455;1
0.9863598;1
0.7250252;0
0.8274326;1
0.58584374;0
0.109323576;0
0.6602255;0
0.9244195;0
0.83666325;1
0.57055277;1
0.5206155;0
0.86229575;0
0.5406133;1
0.5072201;0
0.33455715;0
0.6208268;1
0.53661823;0
0.98223037;0
0.8907022;1
0.8767693;1
0.71227413;1
0.98271734;1
0.8382963;1
0.9165668;1
0.9976876;1
0.9687996;1
0.99135065;1
0.27004963;0
0.44442034;0
0.9874966;1
0.88784266;1
0.7387171;1
0.6778476;1
0.74074715;1
0.7158871;1
0.60372156;0
0.8329824;1
0.80765307;1
0.6822919;1
0.6222115;0
0.9911669;1
0.98018014;1
0.29106328;0
0.8021006;0
0.91719264;1
0.79374933;1
0.96277463;1
0.7795771;1
0.62747073;0
0.6514691;1
0.95755917;1
0.5276517;0
0.81080055;1
0.94538254;1
0.8544519;1
0.5343848;0
0.9066039;1
0.4655105;1
0.66757476;1
0.8197183;1
0.91553205;1
0.50907135;0
0.96204907;1
0.7525193;0
0.86738384;1
0.93628645;0
0.49960345;1
0.36794928;1
0.9012325;1
0.97619814;0
0.95595723;0
0.7779066;1
0.68438584;0
0.65965354;1
0.5306281;0
0.9487872;0
0.9770107;0
0.8983704;1
0.78549904;1
0.94913757;1
0.7238809;1
0.59784836;1
0.9509516;0
0.7821897;0
0.91477793;1
0.8306062;1
0.9217341;0
0.9898173;1
0.93812704;0
0.60135126;1
0.57787365;0
0.9777801;0
0.60146075;1
0.9259714;0
0.70873827;1
0.52547306;0
0.85578984;0
0.9305165;1
0.71605915;0
0.9608783;1
0.8913226;0
0.7448788;1
0.7386138;0
0.5431614;1
0.9383041;0
0.935124;1
0.905129;1
0.588891;1
0.64084554;1
0.78745276;1
0.96633;1
0.8549902;0
0.97678065;1
0.9898566;1
0.7651778;0
0.65187585;0
0.5424704;0
0.77206326;0
0.8625965;1
0.31412834;1
0.70452076;0
0.07163533;1
0.8237945;1
0.6829349;0
0.9963446;1
0.99311745;1
0.6014482;1
0.9182865;1
0.5269283;0
0.875676;0
0.4921574;1
0.60655254;1
0.97878826;1
0.7617026;1
0.81055886;1
0.90991664;1
0.9835844;1
0.7038859;0
0.9368681;1
0.7048275;1
0.8182866;1
0.97213167;1
0.92206967;1
0.6776953;0
0.99762374;1
0.63034743;1
0.4471756;1
0.98510844;1
0.5468023;0
0.86390835;1
0.93247557;1
0.89293975;1
0.99360377;1
0.8840297;0
0.9103162;0
0.23545362;0
0.600388;1
0.9153486;1
0.96701974;1
0.49980348;1
0.77669346;1
0.9882685;1
0.8974508;1
0.326112;0
0.9936487;1
0.44929397;0
0.51692235;1
0.5395353;1
0.6870702;0
0.576216;1
0.91295534;1
0.6677926;0
0.38476202;1
0.61134434;1
0.9473167;1
0.9953934;1
0.9636602;1
0.78020424;1
0.87608933;1
0.89588565;1
0.75816715;1
0.566241;0
0.63018507;0
0.6271244;0
0.2335771;0
0.7753117;0
0.68679357;0
0.98456025;1
0.76839465;1
0.8822699;1
0.78695375;1
0.47952935;1
0.71507955;0
0.74624974;1
0.8633445;0
0.83826405;0
0.22315231;0
0.91554004;1
0.850798;0
0.53249127;1
0.8957029;1
0.9353995;1
0.6034515;0
0.2647094;0
0.9137545;1
0.89889795;1
0.7263391;1
0.9272951;1
0.657867;1
0.14697202;0
0.30606127;0
0.74379134;0
0.89277256;0
0.63161844;1
0.8260597;1
0.6888393;0
0.2520297;1
0.5180232;0
0.7019191;1
0.7497791;1
0.61064523;0
0.9915017;1
0.76553285;1
0.8812437;1
0.59437835;0
0.91014785;1
0.92369866;1
0.9970976;1
0.9025725;1
0.88766026;1
0.852349;1
0.4150682;0
0.43841854;0
0.84303576;0
0.9752783;1
0.9795067;1
0.9572855;1
0.93253773;1
0.87411225;1
0.96434;1
0.56138545;1
0.75865525;0
0.20698479;0
0.9780342;1
0.85406286;0
0.59339243;1
0.91663617;0
0.827167;1
0.99847287;1
0.52971864;1
0.56635743;0
0.9492968;1
0.98017293;1
0.9381265;1
0.64109415;1
0.7627994;0
0.61392164;0
0.93734556;1
0.89438915;1
0.67440945;0
0.97376764;1
0.7334682;0
0.7443847;1
0.8921241;1
0.9367495;0
0.81190985;0
0.9743893;1
0.7674933;1
0.89135796;1
0.9799011;1
0.97946966;1
0.553093;1
0.6459329;1
0.94527644;1
0.3211776;0
0.78042156;0
0.9854176;1
0.5168504;0
0.94301885;1
0.70154417;0
0.85994804;0
0.8132494;1
0.98563206;1
0.45760044;0
0.6170925;1
0.9460394;0
0.66522354;1
0.8927975;1
0.9651017;1
0.50102335;0
0.99553454;1
0.90964985;1
0.9988361;1
0.52706105;0
0.7109338;0
0.14188834;0
0.86838484;1
0.9849253;1
0.87914675;0
0.6899281;0
0.5095763;1
0.968671;1
0.917224;0
0.9572058;0
0.85668683;1
0.30962828;0
0.87142646;1
0.80001485;0
0.39296433;0
0.40738627;0
0.8828752;1
0.6897913;0
0.50984937;1
0.93516564;1
0.9911432;1
0.6771682;0
0.988574;1
0.99340254;0
0.98429984;1
0.9645484;0
0.97716945;1
0.9907374;0
0.990095;1
0.7516553;1
0.60049355;0
0.447716;0
0.9791157;1
0.9775261;0
0.5454193;0
0.89714396;1
0.9800034;0
0.92297226;1
0.9863002;1
0.600359;1
0.57831126;0
0.8974694;1
0.61275196;0
0.2859434;0
0.99334395;1
0.91188115;1
0.9512931;1
0.9257436;1
0.95514905;1
0.9004197;1
0.9998735;1
0.93181056;1
0.752711;1
0.90585613;1
0.7794431;1
0.61061984;1
0.9901635;1
0.77867544;1
0.95073026;1
0.87391174;0
0.08528029;0
0.74717784;1
0.9410136;1
0.57341576;0
0.89996326;1
0.88202125;1
0.9941856;1
0.77396405;0
0.7553003;1
0.5844942;1
0.63582635;1
0.69253325;1
0.9760296;1
0.98901856;1
0.35786468;1
0.19043073;0
0.9548441;1
0.6675329;1
0.8607726;1
0.95010877;1
0.13555875;0
0.24590774;1
0.8502478;1
0.27063885;0
0.7162173;0
0.75840205;0
0.51099855;0
0.921182;1
0.60870486;1
0.98258257;1
0.88883275;0
0.8963293;1
0.26932362;0
0.7908061;0
0.98600614;1
0.65322316;1
0.7530161;1
0.54254216;1
0.9181238;1
0.4107479;0
0.9940797;1
0.6902105;1
0.8123546;0
0.7514411;0
0.790903;0
0.96973294;1
0.38130033;0
0.86385566;1
0.8360266;1
0.9984394;0
0.89579046;1
0.9790334;1
0.552089;0
0.62112564;0
0.899829;1
0.46219388;1
0.99066305;1
0.91952485;1
0.8289148;0
0.46873507;0
0.98776346;1
0.94980776;0
0.9220214;1
0.6299077;0
0.48941615;1
0.9848605;1
0.9899232;1
0.81077427;1
0.34836477;0
0.5418561;0
0.9492478;1
0.4149113;0
0.7168521;1
0.77415115;0
0.82386667;1
0.5403674;1
0.86284477;0
0.9177092;1
0.9223961;0
0.68886834;0
0.44216087;1
0.09240458;0
0.92634743;1
0.99777967;0
0.21682279;0
0.8062656;0
0.30599782;1
0.60711825;1
0.26649058;1
0.7517503;0
0.7474109;0
0.73354185;0
0.8960976;0
0.90748787;1
0.9553093;1
0.81197375;1
0.103167966;0
0.94462943;1
0.9997087;1
0.94733876;0
0.62209255;1
0.97274446;1
0.93555605;1
0.48053128;0
0.7451826;1
0.8860121;0
0.5297967;1
0.9903722;1
0.9650313;1
0.96168643;1
0.47159156;0
0.7367732;1
0.97765213;0
0.9664668;1
0.9585103;1
0.7140518;1
0.93153286;1
0.87128943;1
0.86603785;1
0.7448348;1
0.8823633;0
0.99989307;1
0.6765699;0
0.8282792;1
0.85223377;0
0.859754;0
0.97868997;1
0.9743789;1
0.7954241;1
0.98343486;1
0.97938293;1
0.98042345;0
0.91627973;1
0.9749162;1
0.74917984;1
0.96900105;1
0.9754583;1
0.6148702;1
0.16199826;0
0.9439381;1
0.92209023;1
0.97664577;1
0.94854164;1
0.86267495;1
0.8939826;1
0.74209654;1
0.8523154;1
0.65058327;1
0.86772585;0
0.57046396;0
0.87458324;1
0.97895014;1
0.94580805;1
0.9113325;1
0.919963;1
0.8990462;1
0.9093259;1
0.5795427;1
0.9848055;1
0.84017944;1
0.48641866;0
0.84652287;0
0.6695832;1
0.37445518;1
0.97150975;1
0.9705278;1
0.69712615;1
0.94125855;1
0.6842284;1
0.60480195;1
0.5578139;1
0.34047982;0
0.67610097;1
0.202341;0
0.9911231;1
0.9126707;1
0.9976978;1
0.5139021;1
0.7684435;1
0.9741865;1
0.4436265;0
0.17544694;0
0.9690054;1
0.8885447;0
0.73356503;1
0.990564;1
0.9316293;1
0.9360633;0
0.7226958;0
0.946466;1
0.122484244;0
0.5528802;0
0.6634677;1
0.8711841;1
0.99054223;1
0.54096586;0
0.6539728;1
0.92034227;1
0.9082281;1
0.8330544;0
0.7858137;1
0.77490383;1
0.97635764;1
0.20727482;0
0.6676095;0
0.989611;1
0.9972675;1
0.788404;0
0.19734067;0
0.9187607;1
0.20747088;0
0.9988682;1
0.5615429;1
0.9073392;0
0.92381734;1
0.9916643;1
0.54886764;1
0.98636657;1
0.97238725;1
0.75177616;1
0.9470579;1
0.67940736;0
0.92406577;1
0.37531868;1
0.5965982;1
0.9605866;1
0.9909176;1
0.556304;0
0.40119725;0
0.90001404;0
0.73483634;0
0.69539475;1
0.9978109;1
0.41561714;1
0.9520697;1
0.071681514;0
0.8771926;1
0.87815243;1
0.8950167;1
0.8922399;1
0.8246874;0
0.813613;0
0.8222968;1
0.82401204;1
0.9868541;1
0.5963211;1
0.1058257;0
0.7644153;1
0.6122387;1
0.8656373;0
0.8921578;0
0.8781174;1
0.84795254;1
0.7695511;1
0.79816484;1
0.6387842;1
0.55271715;0
0.7370057;1
0.98173;0
0.9283224;1
0.6959628;0
0.63926107;0
0.76303273;1
0.9950629;1
0.8808104;1
0.99823856;1
0.89129424;0
0.99786395;1
0.92815137;1
0.97060186;1
0.9086904;0
0.9889732;1
0.9243421;1
0.63514674;1
0.97050023;1
0.94150543;1
0.6891283;0
0.9986222;1
0.30300984;0
0.48614138;0
0.9187564;0
0.76162994;1
0.98596257;1
0.68962544;0
0.5840167;0
0.6101347;1
0.915983;1
0.9224645;1
0.9955006;1
0.97028506;1
0.5192597;0
0.9909601;1
0.9213507;1
0.8386818;1
0.89685905;1
0.9899262;1
0.99212414;1
0.97311664;0
0.979883;1
0.6209938;1
0.96635145;0
0.47519004;1
0.7535338;1
0.9405752;1
0.7442646;0
0.903712;1
0.7845051;1
0.9455328;1
0.94029206;0
0.9767721;0
0.9556848;0
0.62469184;1
0.624764;0
0.9157583;1
0.67816955;1
0.95001566;1
0.8235644;1
0.8519506;0
0.9886791;1
0.9056303;1
0.90710884;1
0.441824;0
0.9362248;1
0.06909594;0
0.7381228;1
0.6726359;1
0.6119847;1
0.97207516;0
0.060621716;0
0.5590473;1
0.8461147;1
0.9483216;1
0.73226935;1
0.92822987;0
0.7059226;1
0.24540041;0
0.75096434;0
0.988458;1
0.31220168;0
0.34230322;0
0.85433954;0
0.9501085;1
0.7208193;0
0.7220809;1
0.7453773;1
0.7281193;0
0.38366148;1
0.6812033;1
0.971729;1
0.8297758;1
0.62968946;0
0.97626;0
0.9414585;1
0.3736874;0
0.7663536;0
0.7760733;1
0.9888326;1
0.97297376;1
0.993008;1
0.8893323;1
0.9712144;1
0.941849;0
0.9229757;0
0.94033843;1
0.32244414;1
0.9630663;1
0.27632764;0
0.7069437;0
0.9979512;1
0.92555195;1
0.93212545;1
0.77371883;1
0.1906592;0
0.667922;1
0.62146866;0
0.3108528;0
0.7701426;1
0.84300524;1
0.80846757;1
0.67930585;0
0.21257353;0
0.8563501;1
0.9551546;0
0.8036669;0
0.8688331;0
0.92858154;0
0.6218473;1
0.99842787;0
0.9365125;0
0.82799226;1
0.8962146;0
0.86449265;1
0.9676509;1
0.9892875;1
0.6816293;1
0.8927121;1
0.9938205;0
0.73772764;1
0.60884887;1
0.7243841;1
0.38846505;1
0.84042525;1
0.8721394;0
0.84188586;1
0.85207856;1
0.82866746;0
0.94553417;1
0.88414454;1
0.99932265;1
0.60850954;0
0.73558027;1
0.99351704;1
0.9668942;1
0.9210745;0
0.27067173;1
0.60711116;1
0.6998319;1
0.9629867;1
0.97191745;1
0.51342267;0
0.7430778;0
0.45897824;0
0.5006483;0
0.4113447;1
0.78069764;1
0.97643685;1
0.2703915;0
0.771047;1
0.7530623;1
0.95069903;1
0.9958104;1
0.9960828;0
0.9211325;1
0.7080157;1
0.7559133;0
0.84970385;1
0.47443834;0
0.98596454;1
0.834824;1
0.97582656;1
0.9194492;0
0.24849156;0
0.61465;1
0.717508;1
0.9656002;1
0.85112536;1
0.4041574;0
0.88912255;1
0.75803727;1
0.56137055;0
0.4985027;1
0.7173205;0
0.8867116;1
0.3944522;0
0.8469094;1
0.73805547;1
0.67550284;1
0.8623557;1
0.9736649;1
0.98588145;0
0.9285387;1
0.47918147;1
0.9745316;1
0.87266153;0
0.53274894;0
0.6737978;1
0.3305349;1
0.57002014;0
0.77134013;1
0.78362405;0
0.9916762;1
0.331062;1
0.76994616;1
0.8432676;1
0.9687871;1
0.8485209;0
0.89497864;1
0.5955209;0
0.6717053;0
0.57633996;0
0.42659673;0
0.42310092;0
0.97853136;1
0.77882975;0
0.79714537;1
0.9706947;1
0.5543786;1
0.7743229;0
0.5005574;1
0.716375;1
0.8870483;0
0.89852494;0
0.9229606;1
0.7490144;0
0.5531459;0
0.2670962;0
0.995494;1
0.69691074;0
0.929272;1
0.71658635;1
0.5729349;0
0.08998985;1
0.77508795;1
0.77240574;1
0.974409;1
0.99213797;1
0.89356244;1
0.63941306;0
0.81129205;0
0.8790644;1
0.70844084;0
0.9311311;0
0.9227394;1
0.9987734;1
0.9487006;0
0.8671423;0
0.978997;1
0.92488265;1
0.8204146;1
0.88048816;1
0.7043825;1
0.61587745;0
0.92582285;1
0.609659;0
0.92756313;1
0.98109883;1
0.8366304;0
0.909644;0
0.97904646;1
0.7113383;0
0.8065386;1
0.98618305;1
0.91408205;0
0.96607643;1
0.7592149;0
0.83718055;1
0.95400536;1
0.5584933;1
0.8850227;1
0.43942901;1
0.84915733;1
0.60701174;0
0.5696211;0
0.9190588;1
0.98367715;1
0.13033451;0
0.9487537;1
0.40597576;0
0.2196044;1
0.5793979;0
0.500471;0
0.99785256;1
0.51351565;0
0.13695835;1
0.77855635;1
0.8449198;0
0.5095203;0
0.99117446;1
0.9742255;1
0.93051165;1
0.93544245;1
0.93356293;1
0.14446197;0
0.6865891;1
0.97568685;1
0.96831065;1
0.9730204;1
0.908682;1
0.6993705;0
0.81539124;0
0.7470204;1
0.7469997;1
0.97400475;1
0.9188778;1
0.594065;0
0.7426303;1
0.9312958;0
0.91032577;1
0.5882677;0
0.98645335;1
0.9300252;0
0.86411124;0
0.5866596;0
0.99750096;1
0.9315635;1
0.840015;1
0.5663689;1
0.99580246;1
0.1929766;0
0.61293775;0
0.95506465;1
0.6296432;1
0.869506;1
0.8185403;1
0.9595221;0
0.6837016;0
0.9675763;1
0.91748506;0
0.7419598;1
0.8932966;0
0.9951814;1
0.8432732;1
0.9675916;1
0.75148356;1
0.63568014;1
0.99169344;1
0.9114801;1
0.99979585;1
0.6813776;1
0.9925563;1
0.6376365;0
0.9988317;1
0.9311898;1
0.8905084;1
0.5201169;1
0.9864092;1
0.8138458;0
0.8804064;0
0.6922673;0
0.8097229;1
0.58716273;1
0.9242248;1
0.82084763;1
0.93812096;0
0.86379135;1
0.5042052;0
0.6893131;0
0.46844164;1
0.84979814;0
0.3018161;0
0.9810875;0
0.98078394;1
0.8297554;0
0.990855;1
0.3533636;0
0.6155381;1
0.64465666;0
0.36917558;0
0.9164715;1
0.50740093;1
0.8578009;1
0.89706767;1
0.6330824;0
0.47567666;0
0.14544065;0
0.9784176;1
0.99637306;1
0.82181144;0
0.76926416;1
0.87879425;1
0.6424903;0
0.8410813;1
0.7193859;1
0.720036;1
0.99927014;1
0.99975604;1
0.9878231;1
0.9677917;1
0.94303375;1
0.6511418;1
0.99588495;1
0.8311709;1
0.81212085;1
0.84101033;1
0.31505135;0
0.9565378;1
0.4363495;1
0.60279363;0
0.9063933;1
0.81620973;0
0.84036565;1
0.49378955;0
0.83513653;1
0.72116965;1
0.9266182;1
0.6384017;0
0.94997406;1
0.28733993;0
0.58954364;1
0.5212504;0
0.9188873;1
0.3336859;0
0.5077556;1
0.9700759;1
0.5502348;0
0.90782076;1
0.9408679;0
0.13850036;1
0.49057177;0
0.8740144;1
0.8082649;0
0.99850225;1
0.8462122;1
0.9857736;1
0.6650171;1
0.9138024;1
0.8946636;1
0.677809;0
0.5919985;1
0.81219846;1
0.8499862;1
0.37810472;0
0.25562713;0
0.80797035;1
0.46562013;0
0.93973285;0
0.71619546;0
0.9987888;0
0.44406372;0
0.63306874;1
0.9271961;1
0.9515158;1
0.9464199;1
0.4761273;0
0.944461;1
0.79137933;0
0.9991043;1
0.25254172;0
0.80128473;1
0.9306024;0
0.6728605;0
0.7930822;1
0.7645949;1
0.8222076;1
0.93271136;1
0.99107474;1
0.8334959;1
0.6024391;1
0.9519741;1
0.94753706;1
0.8126553;1
0.5180319;0
0.40494624;1
0.8496743;1
0.9118366;1
0.92995286;1
0.9848941;1
0.9793767;1
0.97869086;1
0.76158977;0
0.73796827;0
0.9346217;1
0.9948906;1
0.34071627;0
0.8433661;1
0.5822848;0
0.6826712;0
0.90355974;0
0.9350743;1
0.6800419;1
0.13011946;0
0.9367704;1
0.84640896;1
0.7929046;0
0.8566285;0
0.9782828;1
0.52972275;1
0.8922541;1
0.9710812;1
0.9286817;1
0.6726402;0
0.9307336;1
0.9845035;1
0.7592861;1
0.44374722;0
0.9878868;1
0.8700677;1
0.95929104;1
0.883398;0
0.62336046;1
0.9783745;0
0.23331685;0
0.463034;0
0.8729864;1
0.90022516;0
0.94803125;1
0.9112213;1
0.51481277;1
0.9662773;1
0.9637276;1
0.97345024;1
0.99322116;1
0.95788544;0
0.94710475;1
0.58475995;1
0.71738225;0
0.70346063;1
0.4412261;1
0.38289255;1
0.70867735;0
0.7770921;1
0.99480826;1
0.36828429;0
0.5856932;0
0.7953309;0
0.98172486;1
0.3495823;0
0.68618053;0
0.8027768;0
0.91684306;1
0.8967618;1
0.3646934;0
0.4976248;1
0.80558777;1
0.71787035;0
0.9579212;1
0.9221076;1
0.9974256;1
0.2057137;0
0.88785285;1
0.93274057;0
0.72174317;0
0.8226583;0
0.85480887;1
0.9890031;1
0.8040062;1
0.97724515;1
0.96203107;1
0.72488624;0
0.94035995;1
0.8928202;1
0.7575474;1
0.72842944;1
0.99462444;1
0.8970921;1
0.8542133;1
0.96983856;1
0.7200228;0
0.9697955;1
0.7909825;1
0.5920779;1
0.91490114;1
0.6731905;1
0.6440868;0
0.98250985;1
0.92161196;1
0.7433462;1
0.76078814;0
0.78229845;1
0.8350502;1
0.20288505;0
0.9979977;1
0.36049253;0
0.99050575;1
0.51639384;0
0.84711695;0
0.4855629;0
0.90269196;1
0.20817137;0
0.922147;1
0.73961544;0
0.28245872;0
0.71118253;0
0.1042538;0
0.98090005;0
0.86737317;1
0.8780401;1
0.9359289;1
0.96259797;1
0.9940813;1
0.9662715;1
0.9365337;1
0.84548515;0
0.8557685;1
0.91309834;1
0.955064;1
0.57339525;0
0.7504277;1
0.51471865;1
0.95235753;1
0.374115;0
0.9315728;1
0.3770672;1
0.95202667;1
0.79867303;1
0.15708001;0
0.98373127;1
0.89915603;0
0.6612531;1
0.78573674;1
0.85613436;1
0.92181313;1
0.43135348;1
0.6167244;0
0.7284847;1
0.9802193;1
0.9882564;1
0.9072247;0
0.79592;1
0.78506553;1
0.6890021;1
0.9909915;1
0.9755373;1
0.914677;0
0.92369354;1
0.57909954;0
0.94944215;1
0.77737767;0
0.66597617;1
0.9856331;1
0.98408705;1
0.76064354;1
0.5585317;1
0.9784194;1
0.9675982;0
0.58450925;1
0.9811803;0
0.7304704;1
0.90394425;1
0.9050623;1
0.9960963;1
0.61809444;1
0.36286452;1
0.89452696;0
0.94851375;1
0.98691016;1
0.80690306;0
0.9989016;0
0.95743895;0
0.92760843;0
0.8836787;1
0.99224526;1
0.85282445;1
0.8573087;1
0.68183804;0
0.8035836;1
0.54177207;0
0.9911733;1
0.85058653;1
0.8033125;1
0.50569195;0
0.98218036;1
0.8544939;1
0.9870439;1
0.8350741;1
0.97686213;1
0.9854952;1
0.26573518;0
0.8834494;0
0.90580934;1
0.9883836;0
0.9273702;1
0.87587833;1
0.57593906;0
0.12982248;0
0.65297705;0
0.28461623;0
0.613704;1
0.5144523;0
0.793846;1
0.7943341;1
0.9954543;1
0.91452265;1
0.5992779;0
0.9129811;1
0.9952271;1
0.95769405;1
0.27709147;0
0.50323576;1
0.8771106;1
0.7814847;1
0.948308;0
0.7876533;1
0.9663096;1
0.17818359;0
0.63821614;1
0.806531;0
0.25629568;0
0.6536181;1
0.9800474;1
0.49831972;0
0.9575737;1
0.7343648;0
0.96413034;1
0.53189415;0
0.9225901;1
0.9939564;1
0.8559235;0
0.96895415;1
0.974192;1
0.98163134;1
0.8817142;1
0.9957818;1
0.9921417;1
0.59768873;1
0.73671794;0
0.6214495;0
0.7828308;0
0.91808593;1
0.7262311;1
0.78830844;1
0.9262558;1
0.9547403;1
0.5479153;1
0.7894015;0
0.93352896;0
0.9901888;1
0.36114004;0
0.6979108;0
0.8749733;1
0.969321;1
0.9254381;1
0.8521636;0
0.9682796;1
0.51689744;0
0.3414824;0
0.9169498;1
0.90209216;1
0.54728585;1
0.87391645;0
0.61278653;1
0.8442016;1
0.9384785;1
0.5536347;0
0.7019785;0
0.91173625;1
0.9496656;1
0.95320064;1
0.9823745;1
0.62396693;0
0.9626894;0
0.91050565;1
0.6405409;1
0.7227465;0
0.79828507;1
0.76560956;0
0.9088936;0
0.8275855;1
0.87284255;1
0.9463834;1
0.99070054;1
0.30997103;0
0.9391729;1
0.9407906;1
0.3963608;1
0.9974995;1
0.28571132;0
0.97857565;1
0.98268515;1
0.7333816;0
0.29721698;0
0.96852285;1
0.28180325;0
0.53652436;1
0.33082795;0
0.97103477;1
0.4804005;1
0.6303579;0
0.8870963;0
0.98480254;1
0.9281279;1
0.5665462;1
0.9047345;1
0.9680825;1
0.8178845;1
0.8463259;1
0.4293852;0
0.35026747;1
0.8348367;1
0.93552065;1
0.83605415;1
0.7755778;0
0.7544725;1
0.9251458;1
0.95218134;1
0.8353607;1
0.89794815;0
0.9086147;1
0.58361065;1
0.97544086;1
0.9844056;1
0.5276202;0
0.9110083;0
0.7040947;1
0.6727778;1
0.98161113;1
0.5789948;1
0.8974387;1
0.6621916;1
0.8721595;0
0.82241064;0
0.98869365;0
0.83504057;0
0.9847552;1
0.98287857;1
0.79565257;1
0.90275645;1
0.731803;0
0.86504334;1
0.71149075;1
0.21102162;0
0.689183;0
0.98272276;0
0.68367827;0
0.9437424;1
0.777323;0
0.77247846;0
0.9059567;1
0.78471464;1
0.83581436;0
0.24019232;0
0.896158;0
0.98588306;1
0.87302;1
0.9932996;1
0.22884126;0
0.26874;0
0.70788544;1
0.98255473;1
0.9029131;0
0.59254444;0
0.94641006;1
0.46299812;1
0.9660655;1
0.9556697;1
0.10306471;0
0.94237983;1
0.7374918;0
0.71449274;1
0.9837482;1
0.27022868;1
0.19041033;1
0.8532767;0
0.95763534;1
0.9980794;1
0.8703273;1
0.95128316;1
0.82552373;1
0.809918;0
0.6513494;1
0.82611614;1
0.8713094;0
0.6648735;0
0.83698845;1
0.8338281;0
0.81284046;1
0.1561414;0
0.9364425;1
0.9979265;1
0.8268086;0
0.8528679;1
0.99342537;1
0.72941375;1
0.998852;1
0.77745694;0
0.9844467;1
0.94948256;1
0.5800489;0
0.67225754;0
0.99635255;1
0.82988715;1
0.8479013;1
0.8533298;1
0.98150706;1
0.88237494;1
0.7232285;1
0.9869848;0
0.73361874;0
0.85276175;1
0.76357687;1
0.7595727;0
0.9235937;1
0.2407347;1
0.7068789;0
0.873544;0
0.7409635;1
0.9737781;1
0.9675656;1
0.7657808;0
0.5276262;1
0.95906603;1
0.9521731;1
0.8966111;0
0.95857227;1
0.9735277;0
0.9774201;1
0.85550594;0
0.9350483;1
0.8975745;0
0.98899263;1
0.5550895;0
0.750904;0
0.45602843;1
0.8584861;0
0.27557743;0
0.973539;1
0.96245193;1
0.8663075;1
0.86192214;0
0.97018945;1
0.73603326;1
0.58194155;1
0.75778246;1
0.33327925;1
0.73124105;1
0.9271532;1
0.99813014;1
0.9602272;1
0.32402128;0
0.94652414;1
0.8557621;0
0.97591895;1
0.99221075;1
0.9915344;1
0.883642;1
0.63297045;0
0.62216526;1
0.2530187;0
0.6968638;1
0.18252741;0
0.62514734;1
0.97164434;1
0.5207899;1
0.7852584;1
0.9055457;1
0.9091977;1
0.976249;1
0.502947;1
0.9951396;1
0.78814006;1
0.87466997;1
0.99102014;1
0.74767125;1
0.9541309;1
0.56735754;1
0.94285274;0
0.31640142;0
0.37890977;0
0.4473885;0
0.36786216;1
0.7541232;0
0.9479987;0
0.28988436;1
0.696189;1
0.9904067;1
0.9788487;1
0.5450622;1
0.6431771;1
0.7505965;1
0.4173378;1
0.95566547;1
0.8453198;1
0.13994843;0
0.92393255;1
0.9831718;1
0.18410654;0
0.94924307;1
0.7902761;1
0.8007066;1
0.73807704;1
0.97208655;1
0.7806306;1
0.60237646;1
0.37447354;1
0.9792809;1
0.88385725;1
0.86480814;1
0.87679666;1
0.5765573;1
0.87298393;1
0.6803897;1
0.95906085;1
0.6685689;0
0.8430389;0
0.6322457;1
0.96609783;1
0.83163565;1
0.8822138;1
0.6629157;1
0.9921182;0
0.67497444;0
0.286667;0
0.31914788;0
0.5185456;1
0.8778509;1
0.49297535;0
0.7412916;0
0.9928307;1
0.9944102;1
0.5380864;0
0.8836251;1
0.48885843;0
0.84795415;1
0.6740155;0
0.8895576;1
0.96372914;1
0.9783368;1
0.37669054;1
0.50498146;0
0.7436823;1
0.99658304;1
0.62973195;0
0.7880963;0
0.42740026;0
0.99528897;0
0.6599858;1
0.9422778;1
0.9391988;1
0.6593364;1
0.98919684;0
0.97376496;1
0.87478644;1
0.83593655;1
0.9797391;1
0.9721497;1
0.9774865;1
0.99735284;1
0.83845925;1
0.8419559;1
0.81343895;0
0.47110936;0
0.8994817;1
0.9447178;1
0.64758635;1
0.98840684;1
0.9045425;0
0.91006213;1
0.80776775;1
0.30339596;0
0.6242343;0
0.22309996;0
0.85867584;0
0.9024792;1
0.970226;1
0.96819735;1
0.5023288;1
0.8841323;0
0.9822155;1
0.717422;1
0.76299274;1
0.89088494;0
0.75836205;1
0.9671651;1
0.9871356;1
0.9667027;1
0.2363544;1
0.7086264;1
0.9904869;1
0.4304604;0
0.9910279;1
0.8778353;0
0.63996804;0
0.90693253;1
0.9937651;1
0.078654855;0
0.7082976;1
0.96042603;1
0.25790745;0
0.9604541;0
0.5635782;0
0.33407515;1
0.9704038;1
0.99453557;1
0.9915833;1
0.301507;1
0.9937866;1
0.78141624;0
0.06903416;0
0.92017996;1
0.84560823;0
0.6585576;1
0.9710071;1
0.8923048;1
0.7946587;1
0.7873725;1
0.81397295;1
0.9753608;1
0.19288379;0
0.6072996;1
0.9974063;1
0.6347969;1
0.75565726;0
0.8477407;1
0.9557688;0
0.98506296;1
0.93748945;1
0.15002143;0
0.9468092;1
0.9224783;1
0.72892666;1
0.868314;1
0.21952318;0
0.8783258;1
0.7614767;1
0.8775651;1
0.6262415;0
0.85683006;1
0.9868312;1
0.5664753;1
0.6329811;1
0.9777338;1
0.48286548;0
0.93162656;1
0.9968066;1
0.63634396;0
0.53511274;1
0.4995801;0
0.9462702;1
0.8886944;1
0.7299307;0
0.87257093;0
0.71593446;0
0.23504744;0
0.24855845;0
0.5508924;1
0.672974;1
0.9632427;1
0.98186964;1
0.5886622;0
0.9953856;1
0.11812133;0
0.55471087;1
0.34856686;1
0.74511033;0
0.9050141;1
0.9865943;1
0.61605835;1
0.7515633;0
0.70220834;0
0.5214684;0
0.94894075;1
0.9954821;1
0.82436055;0
0.4711488;0
0.61231196;0
0.96846294;1
0.9695005;1
0.5989282;1
0.5904215;0
0.65517193;1
0.15609817;0
0.7440779;1
0.8840236;1
0.86375064;1
0.9653096;1
0.89132506;1
0.80473304;0
0.5437157;0
0.9951292;1
0.4936563;0
0.9661429;1
0.9039195;1
0.8499769;0
0.30479723;0
0.8701649;1
0.9857983;1
0.8601416;1
0.8168611;0
0.8903088;1
0.33759242;1
0.9971002;1
0.95077556;1
0.90034986;1
0.9862109;1
0.9903018;1
0.98611534;0
0.68438476;1
0.68675095;0
0.9534077;0
0.87629217;0
0.13333172;0
0.80117023;0
0.9964354;1
0.9837067;1
0.816814;1
0.85700804;1
0.56136435;1
0.94054425;0
0.57472664;0
0.99577206;1
0.7234755;0
0.5650131;1
0.8194281;0
0.8468587;1
0.43332082;0
0.79928195;1
0.77078265;0
0.8574951;1
0.82743335;1
0.8525567;0
0.98891735;1
0.5327551;0
0.61928624;0
0.9979685;1
0.8236199;1
0.82974964;1
0.50059694;0
0.39778158;0
0.9286197;1
0.7820813;1
0.8818895;0
0.5221004;0
0.46666235;1
0.6961922;1
0.8315451;0
0.22817233;0
0.9999825;1
0.42529228;1
0.87956405;1
0.82197875;1
0.6980394;1
0.9669599;1
0.7026984;1
0.69033164;1
0.88150054;0
0.7654825;1
0.9523587;1
0.73074317;0
0.6374946;1
0.47502714;1
0.99239314;1
0.6577013;0
0.50473475;1
0.707339;1
0.771665;1
0.81433815;0
0.97905344;0
0.99068904;1
0.9461682;0
0.92352384;0
0.70406556;0
0.9500503;0
0.94938713;1
0.9781309;1
0.97371054;1
0.78907365;1
0.6546947;1
0.81897175;1
0.9587079;1
0.80387044;1
0.9243358;1
0.49017054;0
0.9195778;1
0.9168084;0
0.5275806;1
0.9110518;0
0.21192296;0
0.99507856;1
0.9404738;1
0.48037696;1
0.98539805;1
0.9320228;1
0.73079926;1
0.88783467;1
0.7110854;1
0.619656;1
0.90001917;1
0.67322755;0
0.9668745;1
0.62748224;1
0.9545134;1
0.48694044;1
0.78586364;1
0.98316956;1
0.67252356;0
0.8159442;1
0.6753691;1
0.98595583;0
0.41237584;0
0.5721258;0
0.31239098;1
0.8166079;1
0.87394726;0
0.8420193;1
0.97869706;0
0.7568238;1
0.9558418;1
0.80867416;0
0.9188687;0
0.42909265;0
0.36956665;1
0.5812968;0
0.6939622;1
0.20098129;0
0.6510449;0
0.980732;1
0.90431523;0
0.4606006;1
0.7061021;1
0.97241366;1
0.80382574;1
0.38322774;0
0.46396008;1
0.7435541;1
0.99418515;0
0.84179646;0
0.7204415;1
0.5316333;1
0.9805401;1
0.8777415;1
0.6935629;1
0.9249017;1
0.8840989;1
0.964047;1
0.21521008;0
0.9150982;1
0.9789645;1
0.7991945;1
0.9951199;1
0.97921693;0
0.91661114;1
0.8123167;0
0.83172804;1
0.7482622;1
0.37418702;0
0.64985;1
0.95968914;1
0.7229571;0
0.9090565;1
0.5069596;1
0.99906415;0
0.9165898;0
0.98811287;1
0.2372299;0
0.93989235;1
0.96405137;1
0.6123421;0
0.95232725;1
0.8458413;1
0.93327653;1
0.9982627;1
0.92226255;1
0.78951085;1
0.6508337;0
0.8771134;1
0.22589076;1
0.9814672;1
0.98231804;1
0.94531316;0
0.8502866;1
0.7720417;1
0.8185176;1
0.7767467;1
0.9684123;0
0.80591094;0
0.9968039;1
0.6736184;0
0.85498697;1
0.5452109;1
0.9362974;1
0.80026084;1
0.7355475;0
0.6659999;0
0.83017766;1
0.8619905;1
0.99600595;1
0.9253504;1
0.8869008;1
0.7299006;1
0.7418707;1
0.90188354;1
0.25834963;0
0.9450241;1
0.95767856;1
0.55999213;0
0.6842356;1
0.9490241;1
0.5856583;1
0.93742096;1
0.9840206;1
0.42474148;0
0.994467;1
0.8723144;1
0.74784535;1
0.79283094;0
0.859958;0
0.9210505;1
0.45705235;0
0.81001526;1
0.98570144;1
0.8513749;1
0.9234658;1
0.8451613;1
0.9815207;0
0.96389484;1
0.32259578;1
0.9855252;1
0.88629365;1
0.68879044;0
0.99379224;1
0.82312876;0
0.9897085;1
0.4823249;0
0.83566403;1
0.48568308;0
0.4738419;0
0.94849205;1
0.39532346;0
0.3051472;0
0.9652322;0
0.54705536;1
0.51224756;0
0.98719853;1
0.85787463;1
0.79355925;0
0.6302774;0
0.98704195;1
0.9724802;1
0.9602277;1
0.8899115;1
0.7858945;0
0.28885064;0
0.9913892;1
0.7985953;1
0.5706966;0
0.68669236;1
0.95580965;1
0.36717647;0
0.7696801;1
0.7484343;1
0.9466442;1
0.9730383;1
0.98208135;1
0.86486906;1
0.8075852;0
0.512982;0
0.985025;1
0.97638935;1
0.87548184;0
0.8266549;1
0.6246686;1
0.90360254;0
0.9729831;1
0.92907727;1
0.86051434;1
0.77241135;1
0.6805192;1
0.91227204;1
0.8726636;0
0.8444547;1
0.5923791;1
0.9770775;1
0.7071291;0
0.7438293;1
0.77523315;0
0.8733061;1
0.5913382;1
0.999977;1
0.97539073;1
0.7430391;1
0.7728946;0
0.9864741;1
0.3854002;0
0.8823971;0
0.5853656;1
0.838771;1
0.8023359;1
0.51455325;0
0.4621649;1
0.46903494;1
0.23136088;0
0.6852049;1
0.99650204;1
0.94114816;1
0.6876806;0
0.9530475;1
0.99270356;1
0.763731;0
0.54009104;0
0.7386733;0
0.99880743;1
0.9808246;1
0.37282106;1
0.93466675;1
0.9481429;1
0.95704037;0
0.90945464;1
0.8459665;0
0.91646135;1
0.96917623;1
0.5198712;1
0.96882993;1
0.9833868;1
0.6342251;1
0.62788135;1
0.98589724;1
0.28215817;0
0.8904487;1
0.65256816;1
0.77903455;0
0.96089274;0
0.81169784;0
0.6740414;0
0.51886016;0
0.08833037;0
0.8630327;1
0.8194954;1
0.9543357;1
0.6219557;1
0.98694986;1
0.98612404;1
0.61137396;1
0.7172681;1
0.95983535;1
0.9938186;1
0.9041726;1
0.9334635;1
0.9221604;0
0.94479966;0
0.91812027;1
0.88524425;0
0.47899204;0
0.9781236;0
0.9383581;0
0.5375424;0
0.96251667;1
0.82320285;0
0.73388207;1
0.8585539;0
0.86751455;1
0.98990005;1
0.595415;1
0.4669418;0
0.6991932;1
0.97074413;1
0.60114336;0
0.6743718;1
0.9680939;1
0.79379845;1
0.7532885;1
0.9827308;0
0.880717;0
0.6839991;1
0.96286035;0
0.56028944;1
0.6842541;1
0.9887322;1
0.67250395;1
0.062496368;0
0.49854818;1
0.48861647;0
0.77494305;1
0.9334777;1
0.78871983;1
0.6071441;1
0.9610986;1
0.9270615;0
0.8718453;0
0.984185;1
0.9325074;0
0.99166334;1
0.9829798;1
0.9567083;1
0.98201156;1
0.7702708;1
0.89769185;1
0.8196832;0
0.98802537;1
0.97845465;1
0.6461569;0
0.9089055;1
0.4473559;1
0.7266366;0
0.911425;0
0.85091263;0
0.9855714;0
0.5018078;1
0.93757427;1
0.73516697;1
0.6266004;0
0.37242672;1
0.79979444;1
0.91477436;1
0.71519923;1
0.98861814;1
0.72369075;0
0.35320118;0
0.831323;1
0.18695848;0
0.38666824;0
0.9226374;0
0.8822496;1
0.3426422;0
0.92219514;1
0.68491226;1
0.8213075;1
0.9893126;1
0.71466744;0
0.8472811;1
0.868359;1
0.72899354;0
0.5895018;0
0.98781407;1
0.35837817;0
0.9682067;1
0.91889733;1
0.7854305;1
0.9891601;1
0.6822384;1
0.4475759;0
0.98599964;1
0.76653993;1
0.58469254;1
0.80072844;0
0.7686578;1
0.7498967;1
0.92948455;0
0.102741644;0
0.9473515;0
0.36839968;0
0.72550094;1
0.3420729;0
0.6676754;0
0.6318474;1
0.8128902;1
0.32864207;0
0.86601526;1
0.1332717;1
0.72735876;0
0.79035026;0
0.89890254;1
0.7122264;1
0.99960846;1
0.9610373;1
0.95068073;1
0.59188753;0
0.8042015;0
0.78250015;1
0.963133;1
0.950456;1
0.9190487;1
0.83143526;1
0.8162671;1
0.804439;1
0.95175374;1
0.9122176;1
0.66694885;1
0.6866866;0
0.90362084;0
0.74189997;1
0.55745953;1
0.97837573;1
0.72546214;1
0.9846622;1
0.65847;0
0.71488005;1
0.9697641;1
0.86833423;1
0.7981793;0
0.9319026;0
0.9796674;0
0.9672753;1
0.42161533;0
0.9296358;1
0.99652773;1
0.99399006;1
0.49965492;0
0.9436962;0
0.9899128;1
0.9216522;1
0.75057065;0
0.23074475;0
0.9921685;1
0.9539427;1
0.9504305;1
0.33380088;0
0.6901002;1
0.7913756;1
0.72155225;0
0.64144653;1
0.5798628;0
0.316597;1
0.78763837;1
0.9967623;1
0.96863025;1
0.72386074;1
0.9991702;1
0.8419451;1
0.9270016;1
0.46957242;0
0.85555214;1
0.8691468;1
0.2165333;0
0.6304183;1
0.6501921;1
0.1078483;0
0.7161633;1
0.70154065;1
0.8755726;1
0.7995604;1
0.9013611;0
0.3282549;0
0.88192546;1
0.94373876;1
0.9503307;1
0.1719823;0
0.594767;1
0.29541734;1
0.43658313;1
0.42161295;0
0.7898641;1
0.6435638;0
0.9454388;0
0.9893351;1
0.97903043;1
0.7341053;1
0.97814;1
0.9533085;0
0.7277897;1
0.53461105;0
0.82238036;1
0.88109595;0
0.987823;1
0.5716213;1
0.9454841;1
0.98952764;1
0.92076164;1
0.69514835;1
0.85298365;0
0.15567298;0
0.40396348;0
0.9156027;1
0.9914294;1
0.72164935;1
0.24983172;0
0.89357597;1
0.79217476;0
0.81479156;1
0.85153264;1
0.9714091;1
0.6715168;1
0.46459273;1
0.9470789;0
0.9922714;1
0.62423795;1
0.97611487;1
0.8485694;0
0.9825932;1
0.97511667;1
0.9702936;1
0.61659044;1
0.81960434;0
0.6227231;1
0.9483855;1
0.92515457;1
0.60327166;0
0.80364513;1
0.9897968;1
0.7880592;0
0.62948465;0
0.7351269;0
0.96386456;0
0.9737144;1
0.8039542;0
0.7886939;0
0.8636919;1
0.9914068;1
0.7667831;1
0.51695764;0
0.89642847;0
0.9472067;0
0.97011584;1
0.8749432;1
0.52403945;1
0.99381495;1
0.56482303;0
0.59072036;1
0.79413563;1
0.8103264;1
0.93061167;1
0.9939638;1
0.1675117;0
0.81641614;1
0.7474514;1
0.8593495;1
0.9709141;1
0.9950911;1
0.9675049;0
0.981106;1
0.99881136;1
0.82649684;0
0.92032576;1
0.99881315;1
0.5615525;1
0.9791707;1
0.8708168;1
0.88376147;1
0.9779544;1
0.8245287;0
0.8920147;0
0.8398022;1
0.8805061;0
0.835236;1
0.84310406;0
0.9934093;1
0.55887175;1
0.8198258;0
0.4096187;1
0.98402774;1
0.765999;0
0.6706063;1
0.94970816;1
0.85684055;1
0.98804027;1
0.991704;1
0.99741346;1
0.93498534;0
0.8251396;0
0.7200053;1
0.93749523;1
0.7219696;1
0.95691794;1
0.82487553;0
0.8997189;1
0.5831443;0
0.70483667;1
0.80506414;1
0.98348963;1
0.9803663;0
0.98718613;1
0.98873746;1
0.78839856;1
0.94338757;0
0.592216;0
0.5740609;1
0.92123497;0
0.9681225;1
0.7271043;1
0.9656901;1
0.58813167;1
0.87208164;1
0.68250066;0
0.91742325;1
0.9918098;1
0.9679271;1
0.9919491;1
0.8207179;1
0.998833;1
0.95860404;0
0.912819;1
0.9288046;1
0.632099;1
0.9722106;1
0.27044585;1
0.9992995;0
0.8671674;1
0.7559029;0
0.69664466;1
0.9917368;1
0.60994464;0
0.19591519;0
0.6519891;1
0.67033166;1
0.9774032;1
0.7965168;0
0.97330916;1
0.9646917;1
0.66961;1
0.8865309;1
0.9182673;0
0.9982988;0
0.46278068;0
0.82876194;0
0.8906837;1
0.5761935;1
0.9417261;1
0.6167102;0
0.882155;0
0.30572453;0
0.57541573;1
0.7829569;1
0.99032;1
0.5010332;1
0.95595247;1
0.61389637;0
0.85401267;1
0.3063706;0
0.65700734;0
0.75152814;1
0.18847392;0
0.93159616;0
0.200721;0
0.1819848;0
0.9879292;1
0.76336104;1
0.51388556;1
0.981316;1
0.76528925;1
0.60681844;1
0.21392041;1
0.7922692;0
0.9489031;1
0.93318707;1
0.6899875;0
0.4533126;1
0.9989266;1
0.747499;1
0.91666573;1
0.6749375;1
0.9822943;1
0.966218;1
0.97109884;1
0.60512775;1
0.40900445;0
0.43930435;0
0.82570493;0
0.4100077;0
0.91548175;1
0.97016937;1
0.56946003;0
0.8146186;1
0.78106105;1
0.7517017;1
0.234311;0
0.7732969;0
0.36330968;0
0.15390965;0
0.9863681;0
0.9901722;1
0.993103;1
0.9870133;1
0.9286252;0
0.4362297;0
0.45301953;0
0.819357;1
0.42447934;0
0.9755663;1
0.99052656;1
0.6888473;1
0.8679709;1
0.8983751;1
0.8726482;1
0.39738634;0
0.4404475;0
0.6515801;0
0.9948042;1
0.6602414;1
0.69129264;0
0.9495183;0
0.91587466;1
0.37277398;0
0.99158305;1
0.9691427;1
0.53062534;1
0.9861442;1
0.6659286;1
0.9760793;0
0.61510444;1
0.939048;1
0.9700113;1
0.745885;1
0.9879809;1
0.9791824;1
0.83509403;0
0.85791755;0
0.659612;1
0.42021525;0
0.9341476;1
0.90884674;1
0.9551786;1
0.90520734;1
0.78905845;1
0.99990356;1
0.9171587;1
0.89341074;0
0.9968677;1
0.9271427;1
0.47720847;0
0.50097317;0
0.83948445;1
0.75122917;1
0.8352296;1
0.38972062;0
0.31449354;0
0.9523857;1
0.57896876;1
0.99558157;1
0.6771054;1
0.9202216;1
0.98207986;0
0.25551423;0
0.64332986;1
0.8521769;0
0.95186096;1
0.50345683;1
0.48653266;1
0.8581191;0
0.7945646;1
0.15452467;0
0.8786211;0
0.63125277;1
0.9754567;1
0.97164255;1
0.9854113;1
0.6158434;0
0.4545581;0
0.9506778;1
0.9130362;1
0.9844006;1
0.19626185;0
0.95694387;1
0.9150303;0
0.9802162;1
0.9232438;1
0.4477694;0
0.9531875;1
0.5857317;1
0.67936504;0
0.6511137;1
0.6369065;1
0.79716825;1
0.9725113;1
0.68939954;1
0.3801587;0
0.8653082;1
0.8707279;1
0.5533876;1
0.5554565;0
0.919521;1
0.9397283;1
0.99935025;1
0.9357798;1
0.6078226;1
0.95510316;1
0.82574636;1
0.8913739;1
0.9992799;1
0.5052504;1
0.9768332;1
0.9938812;1
0.91745585;1
0.8115306;1
0.43179342;1
0.981502;1
0.85894907;0
0.90628916;0
0.17819;0
0.77454877;1
0.44563264;0
0.985635;1
0.8514889;1
0.9906261;1
0.9857614;0
0.86181515;1
0.5943379;0
0.9281775;0
0.41506723;0
0.89065933;1
0.96173805;1
0.684542;1
0.9409825;1
0.65697294;1
0.8480114;0
0.8236096;1
0.6519606;1
0.24813975;0
0.29930538;0
0.9303981;0
0.99176496;1
0.93766195;1
0.9653108;0
0.6194133;0
0.88028884;1
0.9023491;0
0.8801447;0
0.955673;1
0.71894485;0
0.8915132;0
0.46318093;0
0.8426439;0
0.58925265;0
0.105005495;0
0.3403931;0
0.96617395;1
0.9686931;1
0.9345085;0
0.8189214;1
0.6743179;1
0.43323195;1
0.27825752;0
0.7950282;1
0.9460599;1
0.5269911;1
0.8059709;0
0.8754722;1
0.9502716;1
0.944011;1
0.95181483;1
0.8957696;1
0.68108535;1
0.5127584;0
0.8455309;1
0.8694496;1
0.53777474;0
0.8158711;1
0.90693086;1
0.7822841;0
0.99189454;1
0.9949273;1
0.96009684;1
0.7211209;0
0.9994666;1
0.586356;1
0.9650047;1
0.5354097;0
0.4724368;1
0.80294037;0
0.812301;0
0.97111183;1
0.97066826;1
0.95784533;1
0.66666913;1
0.9848904;1
0.18399872;1
0.91973513;1
0.8351745;1
0.5427161;1
0.9861963;1
0.9829726;1
0.9117246;1
0.43557918;1
0.992163;1
0.91980433;1
0.99201024;1
0.73194367;0
0.9032797;0
0.12684122;0
0.8780297;1
0.23868152;0
0.93295854;1
0.90422255;1
0.91292554;0
0.9677413;1
0.711581;1
0.96052206;0
0.6826129;0
0.9396144;0
0.8182359;0
0.98631686;1
0.07608252;0
0.8763829;0
0.9674318;1
0.33449367;0
0.9859918;1
0.8208569;1
0.688807;0
0.82773846;1
0.8386443;1
0.8179883;1
0.6753518;1
0.941268;1
0.78071606;1
0.7230692;1
0.61978865;0
0.759431;1
0.7512983;0
0.99889934;1
0.9157703;1
0.93310404;0
0.60883796;1
0.99797744;1
0.95664024;1
0.878267;1
0.80391234;1
0.9514222;1
0.9416848;1
0.7018084;1
0.9732344;1
0.7652607;0
0.9498634;1
0.9108767;1
0.81623685;0
0.863484;1
0.8501533;0
0.9719759;1
0.9232935;0
0.94107944;1
0.6488917;1
0.86209965;0
0.9176681;1
0.9815679;1
0.8853284;1
0.8064331;1
0.92027587;1
0.982806;1
0.8372936;1
0.64118266;0
0.9729601;0
0.9784572;1
0.23850003;0
0.9041539;1
0.9708909;1
0.24441896;0
0.97873837;1
0.79044497;1
0.597629;1
0.7165819;1
0.69211465;0
0.54153705;0
0.4890574;0
0.93029875;1
0.8442099;1
0.9756638;1
0.9822813;1
0.89256245;1
0.7557197;1
0.95630217;1
0.98242766;1
0.98766285;1
0.326121;0
0.99812514;1
0.5924351;1
0.74897087;1
0.8316974;0
0.6946734;1
0.9517048;1
0.9962514;1
0.8183366;1
0.7715347;0
0.91501874;1
0.6416592;1
0.9926064;1
0.9693879;1
0.94135857;1
0.9929599;1
0.9964594;1
0.8985478;1
0.5018377;1
0.9965327;1
0.51159906;1
0.9049843;1
0.682763;0
0.9994351;1
0.59200114;0
0.940053;1
0.75667846;0
0.0898647;0
0.57016116;1
0.7234852;1
0.9833851;1
0.79710674;0
0.7708989;0
0.8163357;0
0.714365;0
0.8745234;1
0.9931787;1
0.8094627;0
0.8219844;1
0.906081;1
0.59294116;0
0.6509885;0
0.84974223;1
0.62343013;1
0.963106;1
0.86731774;1
0.74682117;1
0.8442798;1
0.67940146;1
0.9892809;1
0.97466654;1
0.94268197;1
0.9836262;0
0.6106534;1
0.10649475;1
0.9349788;1
0.79089737;1
0.67642885;1
0.83080596;1
0.67787683;1
0.9859665;1
0.99048424;1
0.7453342;1
0.8193647;1
0.68706256;0
0.9132049;1
0.4529532;0
0.89782465;1
0.9859482;1
0.86533743;1
0.9881159;1
0.6291276;1
0.14036417;1
0.9846538;1
0.99525565;1
0.55687356;0
0.29740968;0
0.53550565;1
0.9853585;1
0.6442294;1
0.32208204;0
0.6257026;1
0.60100347;0
0.9985368;1
0.6614212;1
0.9906404;1
0.9934801;1
0.6716892;1
0.913669;1
0.88434654;1
0.4367602;0
0.7409374;0
0.98666453;1
0.9215883;1
0.56085163;1
0.9941241;1
0.75518215;1
0.82827044;1
0.9824655;1
0.8461707;1
0.8876124;1
0.3630192;1
0.480655;1
0.7380989;1
0.21428643;0
0.4736396;1
0.7277114;1
0.8309775;1
0.4972044;0
0.9897405;0
0.8387714;0
0.64800406;0
0.67485464;1
0.4077747;0
0.9626886;1
0.545022;0
0.9182941;0
0.9829972;1
0.9756817;1
0.9663234;1
0.9180168;0
0.9935535;1
0.71710545;0
0.7698311;1
0.8098461;1
0.54929954;0
0.24902643;0
0.99388266;1
0.8492243;1
0.24725026;1
0.7517728;1
0.9849209;1
0.39019418;0
0.7584195;1
0.9826021;1
0.5109747;0
0.98277617;1
0.7562448;0
0.9251967;1
0.9930957;1
0.99610305;1
0.94538826;1
0.76654017;1
0.8812319;1
0.61409414;0
0.653085;0
0.7885214;1
0.71641463;1
0.9312182;0
0.9913536;1
0.6342243;1
0.9547113;1
0.81426924;0
0.9213587;1
0.76489633;1
0.9258627;1
0.815864;1
0.98338044;1
0.88925254;1
0.4561462;1
0.96924466;1
0.8282267;1
0.8701652;1
0.8524444;1
0.9768424;1
0.994638;1
0.8705046;0
0.58688116;0
0.9241322;1
0.5330614;0
0.9827132;1
0.6302474;0
0.6147493;1
0.7801234;0
0.9686139;1
0.59493065;0
0.9346195;1
0.85215867;1
0.8959525;1
0.98168856;1
0.93279195;1
0.97871816;1
0.95294726;1
0.93482214;1
0.98772675;1
0.74545413;1
0.6703925;1
0.81266236;1
0.07850648;0
0.9866915;1
0.896512;1
0.4970197;1
0.986889;1
0.8374567;1
0.8343369;1
0.98674715;1
0.99152935;1
0.23950449;0
0.8742977;0
0.70448107;0
0.57400936;0
0.9950454;1
0.5302556;0
0.9891538;1
0.5536261;0
0.9962405;1
0.86060697;1
0.97197163;1
0.6884951;1
0.9139031;0
0.21144727;1
0.7718809;1
0.5877678;1
0.64138687;1
0.5305519;1
0.8837028;0
0.8626121;1
0.65858155;1
0.64119744;0
0.6292416;0
0.9883384;1
0.2574648;1
0.7047983;1
0.576191;1
0.94190705;1
0.968549;1
0.96973217;1
0.38644385;0
0.7014842;1
0.1562346;0
0.9095581;1
0.7609141;1
0.90695035;1
0.9983026;0
0.4424082;1
0.96020275;1
0.92240655;1
0.4717913;0
0.98366416;1
0.9477138;1
0.79867816;1
0.6380828;1
0.96851707;1
0.81629586;0
0.9777298;1
0.7790833;1
0.9509303;1
0.84014595;1
0.9464698;0
0.3183447;0
0.9594267;1
0.94584966;1
0.34515944;0
0.46963733;1
0.7834483;1
0.9932138;1
0.90353066;1
0.32120606;0
0.99563724;1
0.6419369;0
0.9160767;1
0.9571286;1
0.31401512;1
0.7260344;0
0.9146938;0
0.76846516;1
0.20336734;0
0.9841171;1
0.9840397;1
0.5466455;1
0.8172031;1
0.80863225;1
0.8222176;1
0.98891604;1
0.9827963;1
0.63107705;1
0.65281475;0
0.9735097;1
0.7528559;1
0.31651977;1
0.9585385;1
0.8376604;1
0.760619;1
0.98835653;1
0.93444085;1
0.92688245;0
0.9943509;1
0.5731405;0
0.91951334;1
0.8237226;1
0.95400405;1
0.9919139;1
0.45507073;0
0.6328401;1
0.8914901;1
0.6740007;1
0.61827916;1
0.9517357;1
0.9532335;1
0.85396993;0
0.6079595;0
0.98265636;1
0.9605643;1
0.42576635;0
0.99538535;1
0.9722376;1
0.6758558;1
0.5986757;1
0.8958925;0
0.67117417;1
0.26137042;0
0.6495319;0
0.30299687;0
0.82701993;0
0.90168935;1
0.6764828;1
0.810495;0
0.81794274;1
0.7302934;1
0.96954936;1
0.7816944;0
0.67187864;1
0.08237032;0
0.50869673;1
0.56457245;0
0.20240617;0
0.96007013;1
0.72048473;1
0.85608923;1
0.7635839;1
0.13223098;1
0.9340046;1
0.9056263;1
0.9998374;1
0.9962913;1
0.5187399;1
0.9044459;1
0.95002043;1
0.9808292;1
0.83187556;1
0.258723;0
0.9298545;1
0.5650145;0
0.93617254;1
0.67942226;0
0.97338605;1
0.7924485;0
0.9162859;1
0.98526716;1
0.6440602;1
0.18803902;0
0.90019274;1
0.5719892;0
0.5843245;1
0.85930204;0
0.8101121;1
0.82241595;0
0.9474452;1
0.4042706;0
0.926002;1
0.98934144;1
0.826058;1
0.8693537;1
0.9585862;1
0.63734555;1
0.9944397;1
0.9005529;1
0.81544983;0
0.92331445;1
0.26204994;0
0.22300605;1
0.26036087;0
0.80464727;1
0.9830232;1
0.9840311;1
0.8727596;1
0.61505157;0
0.5538643;1
0.994599;1
0.954972;1
0.8641161;1
0.95748;1
0.92903674;1
0.57490945;0
0.96114254;0
0.9995042;1
0.8343255;1
0.85981095;1
0.8343629;0
0.73749214;1
0.99687445;1
0.8065403;1
0.94886255;1
0.7484544;0
0.9936319;1
0.6184218;0
0.9073137;1
0.78291726;1
0.73308307;1
0.9438734;1
0.8276623;1
0.99644345;0
0.9444111;1
0.6709692;1
0.96350414;0
0.95146984;1
0.22763875;0
0.63316095;1
0.9782196;0
0.5569396;1
0.7949664;1
0.65622604;1
0.2518673;0
0.98054904;1
0.5085474;1
0.84764975;1
0.71082866;0
0.8455605;1
0.58789855;0
0.7016157;0
0.88161665;0
0.33404133;0
0.76624596;0
0.57624155;1
0.84088486;0
0.81452817;0
0.37926927;1
0.64920694;1
0.93368834;1
0.9983706;1
0.9592397;1
0.08602709;0
0.6621099;1
0.7262383;1
0.9241134;1
0.9610821;1
0.94462293;1
0.09176378;0
0.80831116;1
0.74715513;1
0.77631634;1
0.694965;1
0.77243465;0
0.5816681;0
0.76116896;1
0.95769024;1
0.9993837;1
0.9692104;1
0.92478436;0
0.624959;0
0.37812638;1
0.99570113;1
0.91455716;1
0.81010586;1
0.47761026;1
0.9145994;1
0.66191226;0
0.63822144;1
0.67844737;1
0.9589315;1
0.9881593;1
0.67889273;0
0.5299862;1
0.9969068;1
0.72451645;1
0.9341257;1
0.99417615;0
0.9039756;1
0.7811127;1
0.9533408;0
0.9804977;1
0.63891417;0
0.91269606;1
0.8167193;1
0.9868688;1
0.99952424;1
0.113268115;0
0.87492603;1
0.49864668;1
0.9873705;1
0.72324294;1
0.97487295;1
0.99522996;1
0.5508543;1
0.540844;1
0.7963072;0
0.63546556;1
0.8937038;1
0.97954893;1
0.9059494;0
0.6508318;1
0.6812992;1
0.97195226;0
0.16439027;0
0.8898875;1
0.6538073;0
0.7254279;0
0.97975516;1
0.93758124;1
0.88740504;1
0.99994314;1
0.19506657;1
0.39232814;0
0.9477992;0
0.94671714;0
0.97181016;1
0.7556547;1
0.5890009;1
0.8592392;0
0.4187928;1
0.9667535;1
0.91678447;0
0.6552428;0
0.9695181;1
0.9954384;1
0.26786354;0
0.87519926;1
0.54277104;1
0.6715772;0
0.8152165;1
0.5914473;1
0.97612077;1
0.503462;1
0.97889745;1
0.8764862;1
0.74940544;0
0.99107766;1
0.8838435;0
0.8418915;1
0.96311736;0
0.9925685;1
0.6680445;1
0.56720006;0
0.6421709;1
0.8448142;0
0.9916459;1
0.9333011;1
0.44678736;1
0.446998;0
0.23582454;0
0.31262282;0
0.9339137;0
0.41124797;1
0.6751315;0
0.6599936;0
0.8145313;0
0.73888534;1
0.18385322;0
0.89661473;1
0.8850184;0
0.7950219;1
0.56835645;0
0.64837676;1
0.768151;1
0.966051;0
0.97007376;1
0.3169386;1
0.72659916;1
0.9416871;1
0.6232568;1
0.67691505;1
0.63935757;1
0.8474105;0
0.9526994;1
0.92844784;1
0.862034;1
0.4682729;0
0.34576392;1
0.54703385;0
0.31573492;0
0.9017943;0
0.8621156;1
0.65155745;1
0.8187799;1
0.99913436;1
0.9949661;1
0.995453;1
0.97911066;0
0.73997736;1
0.98429847;1
0.7856433;0
0.83631057;1
0.7971397;0
0.96714145;1
0.6689636;0
0.9409303;0
0.62613916;0
0.7242415;1
0.5778414;1
0.8962353;1
0.9438822;1
0.976001;1
0.5387662;1
0.2963729;1
0.9839436;0
0.97828144;1
0.88793653;0
0.9984074;0
0.9757716;1
0.10129055;0
0.554618;1
0.32873115;1
0.58301544;1
0.9995154;1
0.9617256;1
0.44280788;1
0.89965266;1
0.6433175;0
0.9898275;1
0.9829778;0
0.93816113;1
0.904544;1
0.97973126;1
0.286599;0
0.9732097;1
0.64311975;0
0.5915255;1
0.5481591;1
0.8323636;0
0.7311545;1
0.9354162;1
0.85119486;1
0.9966403;1
0.9916659;1
0.88420224;1
0.522313;0
0.9756141;1
0.8970694;1
0.72815365;1
0.9844602;1
0.8765407;1
0.99017465;1
0.77671474;1
0.83306676;1
0.8659041;1
0.2769959;1
0.95082897;1
0.6159669;0
0.8314852;1
0.8252318;1
0.9346153;1
0.6416588;1
0.9256065;1
0.9525538;1
0.9388123;1
0.9558756;1
0.8184009;1
0.7172749;0
0.5627376;0
0.773103;0
0.40674075;0
0.86178535;0
0.89493966;1
0.66732746;1
0.7624689;0
0.965357;1
0.94670874;0
0.33952934;0
0.6314753;1
0.9803373;1
0.83217806;0
0.8692969;1
0.8067756;1
0.47583407;0
0.6317386;0
0.7160537;1
0.61179876;0
0.99593;1
0.7331534;0
0.99862516;0
0.9956073;1
0.9957557;1
0.77070546;1
0.88502645;0
0.45119888;1
0.6953164;1
0.94328;1
0.93623424;1
0.9127734;1
0.94187444;1
0.3969828;0
0.71643656;0
0.74857783;1
0.8144909;0
0.40267226;0
0.36938527;1
0.65326816;1
0.8658398;1
0.9907678;0
0.906189;1
0.9484749;1
0.78911924;0
0.8999299;0
0.6041277;1
0.64649826;1
0.48303634;1
0.863912;0
0.9740235;1
0.93162346;0
0.9936708;1
0.8764613;1
0.7886502;1
0.94366455;1
0.9992557;1
0.9739759;0
0.79986775;1
0.89026695;0
0.32257682;0
0.8255585;1
0.8404725;0
0.62369686;1
0.34107277;1
0.8545954;0
0.6956109;0
0.9856392;1
0.66851246;0
0.35067883;1
0.9710914;1
0.8917637;1
0.36080328;0
0.9588382;1
0.97075224;1
0.8920552;0
0.9128974;1
0.846235;1
0.95964116;1
0.6637294;0
0.54737246;1
0.93492216;1
0.97348773;1
0.7406229;1
0.99691653;1
0.976181;1
0.66340053;1
0.87306476;1
0.44985464;1
0.7331393;1
0.8724398;0
0.9328385;0
0.93326765;1
0.99115694;1
0.8248521;0
0.9959651;1
0.9091141;1
0.42070356;0
0.79895926;1
0.4739146;1
0.91757053;1
0.32746422;0
0.43563303;0
0.76916945;1
0.3376876;0
0.99386626;1
0.8495438;1
0.59724975;1
0.9348803;1
0.5578419;0
0.5873871;0
0.76870525;1
0.95373285;1
0.5540168;0
0.93404067;0
0.8600015;1
0.3604045;1
0.25490525;0
0.877162;1
0.9784147;1
0.9980615;1
0.6446881;1
0.66594434;1
0.99980396;1
0.99890685;1
0.9160421;1
0.84999007;0
0.7190092;1
0.6738443;0
0.23904459;0
0.9132872;1
0.9886453;1
0.54051703;0
0.91227233;0
0.9761692;1
0.9555099;1
0.9873103;1
0.93174136;1
0.7974082;0
0.98593456;1
0.6317001;0
0.9818989;1
0.7339394;1
0.8941936;0
0.51188385;0
0.48602173;1
0.52967954;1
0.97981536;1
0.65718204;1
0.54011124;1
0.72137344;0
0.5095133;1
0.9214669;0
0.9390558;1
0.9999726;1
0.7144369;1
0.9951178;1
0.8408269;1
0.9891194;1
0.9671651;0
0.76877755;0
0.6782026;0
0.9959955;1
0.9916883;1
0.9932312;1
0.53404325;1
0.90810007;0
0.7417541;0
0.98108554;1
0.18219686;0
0.6830133;1
0.93181163;1
0.36280727;0
0.9742285;1
0.71685976;1
0.6939249;1
0.9998584;1
0.57139087;0
0.92532617;1
0.810241;1
0.7060348;1
0.99423015;0
0.7139937;1
0.97749513;1
0.91618365;1
0.9337444;1
0.6484976;0
0.75257325;1
0.9966665;1
0.7568956;1
0.64413744;1
0.99657506;1
0.936696;0
0.96187973;0
0.9964966;1
0.23193617;0
0.86543876;0
0.7170729;1
0.9573036;1
0.8227692;0
0.998988;1
0.6952296;0
0.83337253;0
0.67688847;0
0.73230004;0
0.7159775;0
0.45195922;0
0.9940726;1
0.9749611;1
0.9959145;1
0.6573363;0
0.95448035;1
0.84327435;1
0.7022705;0
0.78359795;1
0.34574348;0
0.9924907;1
0.96896845;1
0.044512283;0
0.9677117;1
0.6674046;0
0.9754596;0
0.72038317;1
0.7533723;0
0.66023445;1
0.23211706;0
0.55947614;0
0.8991306;1
0.8975948;1
0.98205644;1
0.97105396;1
0.8700362;1
0.98595935;1
0.7878361;0
0.31616393;0
0.9852459;1
0.9833904;1
0.9128883;1
0.8593473;1
0.9453195;0
0.5770542;0
0.563347;1
0.65454066;1
0.4591267;1
0.718206;1
0.9969338;1
0.7193291;0
0.13005154;0
0.47231302;0
0.92066157;1
0.86879164;0
0.41116711;1
0.12923174;0
0.10582685;0
0.14842914;0
0.70298004;1
0.9834743;1
0.997886;1
0.9465352;0
0.9158139;1
0.8309791;1
0.9841181;0
0.8566629;1
0.5162769;0
0.3792028;0
0.33848324;1
0.6952613;0
0.8979615;0
0.75546706;0
0.7200371;0
0.8076097;1
0.897769;0
0.93190926;0
0.8679071;1
0.64899784;1
0.9962412;1
0.7612796;1
0.9872115;1
0.9993086;1
0.8214373;1
0.93454367;1
0.95656925;1
0.9468739;1
0.25831312;0
0.9105971;1
0.9733608;1
0.6608769;0
0.45588812;0
0.74632627;1
0.83062875;0
0.946715;1
0.99979013;1
0.83219093;1
0.939246;0
0.8035123;0
0.96530426;1
0.12654622;0
0.9942919;0
0.86107445;1
0.9708129;1
0.9278005;1
0.17140625;0
0.9601105;1
0.8994492;0
0.99979275;1
0.7742667;1
0.9595196;0
0.4788895;1
0.88046163;1
0.9538006;1
0.59582084;0
0.4818209;0
0.8995004;1
0.68903166;0
0.9369233;1
0.98328537;1
0.8815543;0
0.67128617;0
0.9396379;1
0.9328267;1
0.8464394;1
0.12244348;0
0.6271966;1
0.9874451;1
0.95879763;1
0.8263071;0
0.48521394;1
0.94588304;1
0.88515353;1
0.87095577;1
0.77428734;1
0.375062;0
0.9307459;1
0.9979894;1
0.999017;0
0.34088135;0
0.9548841;0
0.974331;1
0.9681791;1
0.81673586;1
0.9689928;1
0.9933976;1
0.9856544;1
0.70123833;0
0.9774489;1
0.6394134;1
0.90104103;0
0.45533258;0
0.9461517;1
0.94008523;1
0.5636123;1
0.66951877;0
0.49830535;1
0.8072267;0
0.7976498;0
0.9051538;1
0.98296297;1
0.543983;1
0.88053864;1
0.94891673;1
0.9224178;0
0.9848931;1
0.9713263;1
0.85444474;0
0.99819994;1
0.72751415;1
0.15916699;0
0.32322565;1
0.96808213;0
0.7862018;0
0.52112705;0
0.5341742;1
0.94289124;1
0.7210449;0
0.8504958;1
0.981299;1
0.51595783;1
0.9640845;1
0.99395764;1
0.48360893;1
0.9529857;1
0.961939;1
0.53313255;0
0.91653335;1
0.91192216;1
0.7328044;0
0.8207797;1
0.68008524;0
0.9541162;1
0.08688282;0
0.99773836;1
0.4176504;0
0.5526864;1
0.3719135;0
0.64529246;1
0.9009788;0
0.9571905;1
0.74466175;1
0.7262733;1
0.35383782;1
0.47162047;1
0.8035002;0
0.9843284;1
0.9327138;1
0.9875754;1
0.9961061;1
0.6543933;0
0.98712593;1
0.5771038;0
0.12504746;0
0.9962896;1
0.8064844;1
0.5048869;1
0.97216344;1
0.61519617;0
0.85639596;0
0.99717134;1
0.8027133;1
0.7810117;1
0.91158444;0
0.74160707;0
0.12116864;0
0.92557365;1
0.94171953;1
0.31825456;1
0.691437;0
0.96430147;1
0.8771874;1
0.3702628;0
0.9348929;1
0.97048676;0
0.9004496;1
0.8527159;1
0.8650479;1
0.7388543;1
0.48782077;1
0.6136057;0
0.5245257;1
0.95538;1
0.8793715;0
0.8782247;1
0.4837005;0
0.7872108;1
0.63214564;0
0.9755093;1
0.797214;1
0.9836301;1
0.9970306;1
0.9759824;1
0.97021747;1
0.9723923;1
0.52845097;1
0.39958203;0
0.9484496;0
0.5458468;0
0.7129871;0
0.64980197;0
0.8148218;1
0.28375182;1
0.30782285;0
0.7058719;1
0.74520427;1
0.9756899;0
0.8941804;0
0.63040787;1
0.93500274;1
0.97991484;1
0.6596282;1
0.91187936;0
0.9957027;1
0.9459436;1
0.1569279;0
0.5190839;1
0.97144204;1
0.85793626;1
0.98620635;1
0.84295875;0
0.99017185;1
0.4209022;0
0.9313597;0
0.9494976;1
0.96368086;0
0.5829494;1
0.1354393;0
0.8972093;1
0.9501487;1
0.36343497;0
0.58055675;1
0.8861661;1
0.84966713;1
0.82645804;0
0.8857465;1
0.7507085;0
0.9280346;1
0.8190593;1
0.9782175;1
0.91494566;1
0.58965147;0
0.5042746;0
0.32503238;1
0.72447145;0
0.15301877;0
0.7604334;0
0.9333147;1
0.74554574;1
0.7554879;1
0.50768274;0
0.65585065;1
0.553113;0
0.6361207;0
0.71268094;0
0.98926824;1
0.78368044;1
0.62571156;1
0.9447469;1
0.98928237;1
0.9258374;0
0.6358755;0
0.40130764;1
0.9988543;1
0.99617743;1
0.8060067;1
0.7483071;1
0.6366665;1
0.5326294;0
0.97246146;1
0.8141927;1
0.7326362;1
0.10310536;0
0.26618373;0
0.6536365;0
0.35174343;0
0.5721991;0
0.17325999;0
0.7206313;1
0.48677635;0
0.9720786;1
0.4651718;1
0.8570414;1
0.742407;1
0.8738308;1
0.60908437;1
0.6380749;1
0.58619976;0
0.7216362;1
0.82286054;0
0.9995888;1
0.93993807;1
0.66559654;1
0.9298742;1
0.952919;0
0.9531476;0
0.9975714;1
0.92662823;1
0.34916887;0
0.96907616;1
0.9657321;0
0.59736687;0
0.69248295;1
0.5908486;1
0.9794755;1
0.9081131;1
0.9499951;1
0.9886911;1
0.83318967;1
0.9633601;1
0.93053496;1
0.38424638;1
0.84818524;0
0.7294701;0
0.46638924;0
0.5365762;1
0.651732;1
0.9366325;1
0.8679898;0
0.8973299;1
0.7480209;1
0.29412585;0
0.98071826;1
0.81887245;1
0.97740763;1
0.88078994;1
0.81145597;1
0.98455393;1
0.98640776;1
0.93554246;1
0.07963251;0
0.92640996;1
0.99473673;1
0.74012387;1
0.9865346;1
0.8243515;1
0.9417329;0
0.75686467;1
0.9257494;1
0.91848236;1
0.63210344;0
0.92953;1
0.9073248;0
0.9518539;1
0.7068581;1
0.39456332;0
0.5871673;0
0.8104629;1
0.7714957;0
0.9933302;1
0.7157731;0
0.9005767;1
0.65740114;1
0.7068368;1
0.62808096;0
0.8766044;0
0.8122983;1
0.8852473;1
0.97666514;1
0.5568722;1
0.9594001;1
0.8371318;1
0.99890137;1
0.69348764;0
0.6049165;1
0.7916687;0
0.5275913;1
0.9736641;1
0.8388545;0
0.99933654;1
0.76414055;1
0.9911355;0
0.93820286;0
0.9531276;1
0.8076408;1
0.91413796;1
0.81039333;0
0.39356753;0
0.7118472;0
0.99928826;1
0.9593209;1
0.78538764;1
0.7168094;0
0.9556473;1
0.88577443;0
0.4386729;0
0.9833868;1
0.97688746;1
0.75219816;0
0.9021763;0
0.9290951;1
0.47202578;0
0.9523647;0
0.79909265;0
0.6562893;1
0.9389392;1
0.5630293;0
0.8614869;1
0.49605644;0
0.70778656;1
0.97638875;0
0.86453825;1
0.8449833;1
0.8952168;1
0.7376746;1
0.25583452;0
0.9848221;1
0.9852356;1
0.5646947;0
0.79159254;1
0.3372301;0
0.26193613;1
0.38384223;1
0.93205345;0
0.97276115;1
0.9432201;1
0.68838125;0
0.9179742;1
0.7866911;1
0.6022198;1
0.56106174;0
0.88724214;1
0.7972275;0
0.6808813;0
0.8748724;1
0.8132421;1
0.8555055;1
0.23885818;0
0.99062777;1
0.9947806;1
0.7621853;1
0.9541087;0
0.9350597;1
0.9934156;1
0.97642183;1
0.6082896;1
0.13302344;0
0.955318;1
0.96655273;1
0.9746143;1
0.9649154;1
0.9880751;0
0.9816388;1
0.8537607;1
0.6039837;1
0.97472066;0
0.61776376;0
0.99453;1
0.814637;1
0.655913;0
0.4803163;1
0.98963916;1
0.97082245;1
0.80932677;1
0.5636942;0
0.3049816;0
0.69519997;0
0.7690111;1
0.9692309;1
0.8495696;1
0.67796195;1
0.67679226;0
0.9410429;1
0.98558027;1
0.5153474;0
0.9069332;1
0.82522887;0
0.63334846;0
0.23725829;0
0.81683904;0
0.4211877;0
0.6863312;1
0.99259263;1
0.7383005;0
0.9498726;1
0.94033015;1
0.39281514;1
0.9911539;1
0.58997357;1
0.84135914;0
0.3751058;0
0.57820946;1
0.88241553;1
0.52217716;1
0.8113007;1
0.35836807;0
0.48287067;1
0.30175954;1
0.8150861;1
0.8202523;1
0.6787508;1
0.42776382;0
0.21701519;1
0.868322;0
0.5443801;0
0.9898387;1
0.96037304;1
0.33848226;0
0.9412419;1
0.9125251;1
0.8643961;1
0.34247074;1
0.83566236;0
0.9973991;1
0.98010087;1
0.99914503;1
0.925451;1
0.9790885;1
0.92433447;1
0.05268238;0
0.2797631;1
0.988374;1
0.9250682;1
0.7787636;1
0.99848527;1
0.7896807;0
0.82124203;0
0.84238553;1
0.88464445;1
0.74658453;0
0.9630411;0
0.95387536;0
0.8338852;1
0.99988174;1
0.5266732;1
0.9488419;0
0.51031333;0
0.77745914;1
0.41343454;0
0.5447306;1
0.7055155;0
0.66564894;1
0.6031558;0
0.4840584;1
0.12919898;0
0.7960499;1
0.90374935;1
0.719984;1
0.84767467;1
0.10517939;0
0.6234505;1
0.69850653;1
0.56957734;1
0.53006786;1
0.9529294;1
0.9372301;1
0.62083036;0
0.571465;1
0.7260915;1
0.5898914;1
0.38838714;1
0.058122233;0
0.69187;1
0.9886839;1
0.6593623;1
0.6154425;1
0.97820413;1
0.80903447;1
0.6002288;1
0.91316056;1
0.9966324;1
0.8077569;1
0.9653687;1
0.86825514;1
0.7500643;1
0.46488076;0
0.79687;0
0.76733184;1
0.9850755;1
0.79281926;1
0.9809818;1
0.796385;1
0.72559774;1
0.4176123;0
0.64977694;0
0.72690386;1
0.97528607;0
0.2354123;0
0.7013627;0
0.6535957;1
0.8868388;1
0.99610716;1
0.9502799;1
0.8960113;1
0.8754485;1
0.7893903;1
0.8550552;1
0.2786935;0
0.4873342;0
0.931738;1
0.56031674;0
0.1604995;0
0.756859;1
0.83313227;1
0.9866822;1
0.9241237;0
0.9970041;1
0.8931725;1
0.5715608;1
0.94802195;1
0.7328502;0
0.9975102;1
0.5653582;1
0.67317516;0
0.40259027;1
0.87175167;1
0.85261226;1
0.9248377;0
0.65054846;0
0.6975738;0
0.9827237;1
0.3339621;0
0.92115587;1
0.15241258;0
0.5815261;0
0.86051595;0
0.8905547;0
0.8493378;1
0.22526349;1
0.96740335;1
0.8901305;1
0.77946246;0
0.97240746;0
0.9912947;1
0.8933628;0
0.9410202;1
0.8724362;1
0.80559254;0
0.86906195;1
0.92877793;1
0.8846521;1
0.65895754;0
0.72386384;1
0.91794205;1
0.63010466;0
0.035882093;0
0.8760861;0
0.6509758;0
0.4985424;1
0.93704695;1
0.67359143;0
0.5875914;1
0.59598553;0
0.8444895;1
0.7956914;0
0.94158244;1
0.5571897;0
0.77871674;1
0.9917127;1
0.8522505;0
0.8320416;1
0.9984578;1
0.46560833;0
0.35683516;0
0.9715129;1
0.9664682;0
0.65384054;1
0.702216;1
0.9628493;1
0.987009;1
0.61034435;1
0.73591244;1
0.9875101;1
0.17702138;1
0.7522766;1
0.5702576;0
0.4026386;0
0.59573877;1
0.71431327;0
0.75840265;0
0.9783472;1
0.3243839;0
0.8373117;0
0.7180486;0
0.85990864;1
0.677517;0
0.3931404;1
0.87635154;1
0.9210433;1
0.71217746;1
0.7815401;0
0.7718939;0
0.8822983;1
0.65018547;0
0.42707834;1
0.7283246;1
0.9541719;1
0.8967231;0
0.97415686;1
0.72679394;1
0.8242231;1
0.8256833;1
0.6684052;0
0.99245435;1
0.9908109;1
0.3488674;0
0.99429333;1
0.9813378;1
0.7500636;1
0.9116574;0
0.94355357;1
0.9251947;0
0.92837137;1
0.13830446;0
0.99529594;1
0.82685536;1
0.18796735;0
0.85963464;0
0.98441535;1
0.9972103;1
0.96036863;0
0.783688;1
0.6046395;1
0.86442655;1
0.578377;0
0.98577464;1
0.91315687;1
0.08209833;0
0.8695783;1
0.6057013;0
0.92820805;1
0.4216865;0
0.6740881;1
0.986357;1
0.90140826;1
0.9575267;1
0.6940563;1
0.29366452;0
0.9825911;1
0.5978407;0
0.76481575;1
0.75620323;0
0.95783645;1
0.7383079;1
0.98313254;1
0.9509507;1
0.9992993;1
0.22474661;0
0.1783999;0
0.25064558;1
0.6569422;0
0.22929262;0
0.22479531;0
0.7964845;1
0.898294;1
0.6554577;1
0.877749;1
0.9215147;1
0.5484409;0
0.89109963;1
0.823367;1
0.98553735;1
0.38534486;0
0.998789;1
0.8786029;1
0.7475619;1
0.8583735;0
0.9473072;0
0.8443178;1
0.8776374;0
0.994406;1
0.8170108;1
0.65073144;1
0.9410463;1
0.99201435;1
0.9491189;1
0.84954476;1
0.9614271;1
0.9592983;0
0.93251103;1
0.97737986;1
0.9820216;1
0.9350337;1
0.16584001;0
0.34325796;0
0.74266696;0
0.76636976;0
0.953322;1
0.1130554;0
0.19699872;0
0.7857981;0
0.7634647;0
0.601774;1
0.8799044;1
0.6868417;0
0.91017854;1
0.95556957;1
0.9638671;1
0.27380204;1
0.5150198;1
0.70592606;1
0.9612211;1
0.9807766;1
0.7091065;0
0.8023327;0
0.9517247;1
0.6371275;1
0.6975317;0
0.9629059;1
0.9896644;0
0.61993945;1
0.9174566;1
0.9889021;1
0.43307132;0
0.88810694;1
0.98965985;1
0.91469973;1
0.61254495;1
0.5935764;0
0.31022212;0
0.9867662;0
0.8568076;1
0.8922947;1
0.8930893;1
0.9687072;1
0.45389757;0
0.67629874;0
0.996824;1
0.969717;1
0.67956793;1
0.77223635;0
0.9797218;1
0.8441906;1
0.573561;1
0.9513527;1
0.9999639;1
0.9733338;1
0.87919307;1
0.5618851;1
0.5022054;0
0.5286206;0
0.33148268;0
0.87432426;1
0.94953835;1
0.95284057;1
0.88536;1
0.9483799;1
0.9501121;1
0.20185994;0
0.9984281;1
0.87792015;1
0.5828591;1
0.63010967;1
0.7902781;1
0.80612564;1
0.9616195;0
0.78659105;1
0.7618396;0
0.97811836;1
0.9456993;1
0.16421366;0
0.99580646;0
0.9302694;1
0.87842;1
0.32907414;0
0.91494155;1
0.9976284;1
0.4874671;1
0.53642315;1
0.9733034;1
0.94096583;1
0.94846857;1
0.71375066;0
0.49582538;1
0.624079;1
0.9883939;1
0.7623284;0
0.91064227;0
0.72450626;1
0.954782;0
0.6580644;1
0.6407247;1
0.6704195;1
0.98219556;1
0.9542771;0
0.9882321;1
0.6468121;1
0.9116184;1
0.6819596;0
0.5892999;0
0.99447435;1
0.9845578;1
0.97210974;1
0.77786463;0
0.8786468;1
0.5532648;1
0.731619;0
0.9345148;1
0.7980542;1
0.9736945;1
0.8187539;1
0.80472726;1
0.90890473;1
0.90002245;1
0.73513484;0
0.9264058;0
0.9267505;1
0.6740563;1
0.97832036;1
0.6775574;0
0.996458;1
0.61064976;0
0.67824346;0
0.96354616;1
0.85689807;0
0.99670607;1
0.9976986;0
0.09343982;0
0.4404902;0
0.7268122;0
0.6908362;1
0.65502626;1
0.96295696;1
0.8506302;0
0.9533675;1
0.8046388;0
0.5090829;1
0.48747516;0
0.8506854;0
0.65292835;0
0.64109766;1
0.7153936;1
0.8825023;1
0.96096206;1
0.5755535;0
0.85414296;1
0.95779294;0
0.59460133;1
0.3936144;0
0.86008793;1
0.986343;1
0.92649317;1
0.8345473;1
0.6656448;0
0.6729305;0
0.81354237;1
0.85041183;1
0.6826484;1
0.6854258;0
0.91860205;1
0.96640223;1
0.8171518;0
0.443698;0
0.93025696;0
0.8008043;0
0.8136041;1
0.15532883;0
0.97861415;1
0.46310788;1
0.99234563;1
0.9969146;1
0.99384344;1
0.7266741;0
0.9741521;0
0.7430532;0
0.8089117;1
0.93890464;1
0.73172605;1
0.48120478;1
0.9147095;1
0.4440091;1
0.80068034;0
0.7043107;0
0.8063612;1
0.7982006;1
0.6435131;0
0.26510835;1
0.98170173;0
0.59283525;0
0.8496223;1
0.89857614;0
0.9720783;0
0.7983016;0
0.8040251;0
0.8378277;0
0.9032777;1
0.8121487;1
0.54112417;1
0.7672813;1
0.81103766;1
0.9741752;1
0.2522027;0
0.71257085;0
0.7458853;0
0.8275356;0
0.9821076;1
0.14449286;0
0.9684183;0
0.9800047;1
0.6290857;0
0.9547103;1
0.90628105;1
0.7352296;1
0.90916604;0
0.64492416;0
0.98900896;1
0.94775563;1
0.99571866;1
0.99762625;1
0.86144507;0
0.9943862;1
0.62356937;0
0.98667043;1
0.90035474;1
0.875768;1
0.5502034;0
0.5064874;1
0.97285163;0
0.90754354;1
0.46663725;0
0.9984561;1
0.86741805;1
0.33348975;0
0.6511491;0
0.8929956;1
0.98448956;1
0.5420519;1
0.6221404;0
0.8981844;1
0.89098096;1
0.98981434;1
0.3544659;1
0.9662049;1
0.48953852;0
0.97996944;0
0.49982005;0
0.2121585;0
0.726427;0
0.68229955;1
0.9719729;1
0.99283034;1
0.20369469;0
0.8872615;0
0.96993154;1
0.30868065;0
0.8446905;1
0.78277206;1
0.9254541;1
0.8253404;1
0.9875916;1
0.98215806;0
0.99027985;1
0.7681496;1
0.9971679;1
0.4594802;1
0.94658107;1
0.37378293;0
0.3814592;1
0.7169508;1
0.952978;1
0.91696084;1
0.7974006;1
0.97773737;0
0.62719196;0
0.68034434;0
0.8704775;1
0.3655558;0
0.6859178;0
0.58300155;0
0.9729178;1
0.99083954;1
0.698463;1
0.8297235;0
0.43052742;1
0.83074105;0
0.996438;1
0.9499548;0
0.9092922;1
0.9333284;1
0.84896713;1
0.3358658;0
0.727426;1
0.8930348;0
0.6200506;1
0.31849524;0
0.8196947;1
0.4579794;1
0.9692069;1
0.81997067;1
0.7945973;1
0.993782;1
0.8372257;0
0.94784606;1
0.24689704;0
0.8128887;0
0.9561428;1
0.8172614;1
0.87437063;1
0.9930044;1
0.87995183;1
0.7895838;1
0.97786707;0
0.99735117;1
0.7681351;1
0.17844361;1
0.99657047;1
0.695652;1
0.5660476;0
0.99216026;1
0.99981564;1
0.7989076;1
0.8393829;0
0.59983116;1
0.9067694;1
0.9613422;1
0.58798623;0
0.9757234;1
0.74944097;0
0.77258533;1
0.23317301;0
0.8300724;0
0.8735249;1
0.9753076;1
0.7234789;1
0.851108;0
0.80781066;1
0.98236865;1
0.877508;0
0.86262685;0
0.90335625;1
0.8951332;1
0.0837452;1
0.5687415;0
0.9012729;0
0.782777;0
0.9885073;1
0.96715575;1
0.41767147;0
0.7387735;0
0.77063394;1
0.88593364;1
0.26421374;0
0.45734444;0
0.9160079;0
0.92110246;1
0.7320848;1
0.8929998;1
0.8141828;1
0.9816575;1
0.58878154;0
0.9098793;1
0.7253414;1
0.9920054;1
0.94916785;0
0.75944144;0
0.9827094;1
0.89444435;0
0.949141;1
0.47973928;0
0.7976494;0
0.92067146;0
0.8544036;1
0.9330263;0
0.3730364;0
0.40001115;0
0.9379466;1
0.83161914;1
0.38767287;0
0.66461426;0
0.9945791;0
0.5196974;0
0.9768177;1
0.9702833;1
0.61815256;1
0.96728945;0
0.9674347;1
0.7259732;0
0.4650554;0
0.84160316;0
0.94204855;0
0.23925751;0
0.8067672;1
0.647316;0
0.9442186;1
0.4893617;1
0.9499522;1
0.33580497;0
0.20586689;0
0.73628944;1
0.94325787;1
0.0864851;0
0.37061977;1
0.95389324;1
0.92030644;1
0.7571253;0
0.8723037;1
0.36688542;0
0.7768034;1
0.92651516;1
0.75861293;0
0.68814987;1
0.84518147;1
0.8887585;1
0.7406036;1
0.9509336;1
0.98586917;1
0.10106315;0
0.53154254;1
0.9312447;1
0.6654744;1
0.657496;1
0.9881512;1
0.98933244;1
0.8208261;0
0.8203126;0
0.5160527;1
0.8721005;1
0.99482673;1
0.816803;1
0.7716143;1
0.7817498;1
0.838491;0
0.98218495;1
0.43120635;0
0.97771806;1
0.29218134;1
0.79481214;1
0.71785337;0
0.9587515;1
0.16891931;1
0.8049711;0
0.44805503;0
0.09238071;0
0.40209058;0
0.86321974;1
0.98794776;0
0.6725038;1
0.9456353;1
0.86007154;0
0.9739696;1
0.5566258;0
0.3604731;1
0.63382155;1
0.76589745;0
0.86381537;1
0.3129549;0
0.7186503;1
0.9768028;1
0.74876624;1
0.9949969;1
0.9682644;1
0.49984145;0
0.95301396;1
0.81663543;1
0.89045405;1
0.33126292;1
0.47471616;0
0.9868541;1
0.9949864;1
0.97017866;1
0.99277747;1
0.9017092;0
0.9635921;0
0.6456277;0
0.97388524;1
0.3982176;1
0.6892329;1
0.44304374;1
0.93865883;1
0.16172725;0
0.9890042;1
0.32803577;0
0.9482326;0
0.9302218;1
0.7926656;0
0.9431313;1
0.6492481;1
0.4575116;0
0.86417544;1
0.9862889;1
0.92406106;0
0.98371214;1
0.96874005;1
0.58171993;1
0.9919848;1
0.6728458;1
0.5172553;1
0.4303441;1
0.65381134;1
0.9928027;1
0.9084236;1
0.79269177;1
0.49976528;1
0.69166243;0
0.9900926;1
0.72164285;1
0.9419652;1
0.9419482;1
0.57530653;1
0.3442422;1
0.9642884;1
0.8169051;0
0.59208804;1
0.73915577;0
0.35489902;0
0.9911097;1
0.3885655;0
0.714097;1
0.81305397;1
0.9300898;0
0.72512543;1
0.9553911;1
0.9998273;1
0.80157775;1
0.9285015;1
0.9861913;0
0.9972777;0
0.5582608;1
0.71034056;0
0.23606841;1
0.888183;1
0.43745935;0
0.64221513;0
0.80720365;0
0.7236912;1
0.9301505;0
0.73009;1
0.90019834;1
0.7190731;0
0.5405067;1
0.46372664;0
0.86882097;1
0.9695842;1
0.9604289;1
0.93790036;1
0.7711303;0
0.9885028;1
0.86602104;1
0.991269;0
0.88118535;1
0.84043056;1
0.95428705;1
0.9862664;0
0.92539537;1
0.83468705;1
0.4704392;0
0.8370301;1
0.93669397;1
0.52932;0
0.8630082;1
0.78593576;1
0.48309568;0
0.41882557;0
0.76895267;0
0.21636094;0
0.75033647;1
0.8913007;1
0.9723947;0
0.90227467;1
0.9922502;1
0.4062749;0
0.9874007;1
0.64343315;1
0.5278381;1
0.91006464;1
0.60795057;0
0.4317785;0
0.9454695;1
0.98930967;1
0.8924184;1
0.3824998;0
0.85101473;1
0.3396608;0
0.44953212;1
0.86523277;1
0.69526136;1
0.82343036;1
0.85852104;1
0.97369134;1
0.721235;1
0.43216023;0
0.94172555;1
0.99938667;1
0.927743;0
0.8874337;1
0.68940514;1
0.102324985;0
0.89428836;0
0.94892883;1
0.84921783;1
0.9372448;1
0.9756404;1
0.7886263;1
0.7462695;1
0.4912454;1
0.7343329;0
0.84232205;0
0.68947965;1
0.784166;1
0.61561203;1
0.65567094;1
0.619928;0
0.8080212;1
0.85024613;0
0.98583555;1
0.93944705;1
0.99341786;0
0.99746025;0
0.73346347;1
0.15365463;0
0.24440084;0
0.701564;1
0.78605944;1
0.4744959;0
0.7437495;1
0.6005874;1
0.31488696;0
0.94588685;1
0.9948507;1
0.8805375;1
0.5814152;1
0.95752263;0
0.5491902;1
0.30225804;0
0.92309254;1
0.70304537;1
0.7996923;0
0.5648774;1
0.31168598;0
0.9970379;1
0.36990356;0
0.9317719;0
0.9012379;1
0.90110266;0
0.9741073;1
0.227997;0
0.8945643;1
0.4767938;1
0.9653635;1
0.9795248;1
0.87905836;0
0.9588129;1
0.96458375;1
0.97315603;0
0.90625864;0
0.80472434;0
0.8835925;1
0.71601;1
0.91166955;0
0.615832;1
0.734642;1
0.94278884;1
0.970843;1
0.9772381;1
0.6734736;1
0.9790092;1
0.90252876;1
0.8277415;1
0.26424852;0
0.67003125;1
0.89840895;0
0.9093063;0
0.9380563;1
0.7549231;1
0.6445784;1
0.8348002;0
0.95008767;1
0.8377784;1
0.96846753;0
0.87066287;1
0.86371213;1
0.55927783;0
0.20706148;1
0.92443585;1
0.8278698;1
0.38644463;0
0.89611524;1
0.5630214;1
0.982969;1
0.97851425;1
0.9914772;1
0.5007611;1
0.99564004;1
0.5164037;0
0.70312494;1
0.8192692;1
0.9779661;1
0.67215616;0
0.96518356;0
0.99741215;0
0.8234117;1
0.5959474;0
0.8124847;1
0.39424378;1
0.2931619;0
0.6406344;0
0.7863003;1
0.8710727;0
0.9197879;1
0.9656523;1
0.7341977;0
0.9377016;1
0.35811707;0
0.9998098;1
0.59573704;1
0.9171048;1
0.47366002;1
0.9418262;1
0.3536339;0
0.81341547;0
0.76318014;1
0.7016776;1
0.95326024;1
0.7209973;1
0.98108023;1
0.8070848;1
0.9870297;1
0.9122278;1
0.599047;1
0.928208;1
0.9958895;1
0.2268605;0
0.5632186;1
0.88922846;1
0.982236;1
0.99091727;1
0.95732;1
0.9910972;1
0.98361164;1
0.18860795;0
0.9990544;1
0.90249;0
0.35167918;1
0.71826315;1
0.8866665;1
0.97035855;1
0.606977;1
0.7713366;1
0.40931848;0
0.95711046;1
0.81920815;1
0.77724177;1
0.965723;1
0.9982084;1
0.70546985;1
0.8817991;0
0.9321438;1
0.99161375;1
0.91815275;0
0.92054003;1
0.39478067;1
0.9109867;0
0.93182486;0
0.8537605;0
0.70055014;0
0.8396465;0
0.959905;1
0.8717275;1
0.9763099;1
0.78420687;1
0.9673962;1
0.9940858;1
0.6603344;0
0.75652564;0
0.691162;1
0.9962142;1
0.9759911;1
0.7594058;1
0.80858356;1
0.57642895;1
0.96740824;1
0.92953944;1
0.50545007;0
0.9911447;1
0.6075927;0
0.7683888;1
0.99764603;1
0.97689646;1
0.5168435;0
0.09209584;0
0.944863;1
0.9796179;1
0.74031943;0
0.14647518;1
0.8594537;0
0.9161025;1
0.9954426;1
0.78826356;0
0.9476525;1
0.56808114;1
0.88419276;1
0.9981187;1
0.37845132;0
0.91524434;1
0.6823858;1
0.77622074;1
0.9833777;1
0.91148907;1
0.6279745;1
0.95265454;1
0.641584;1
0.7797336;1
0.61185145;0
0.96196944;1
0.77351505;1
0.90252346;1
0.85708827;1
0.6887903;0
0.9646805;1
0.30361012;1
0.99728453;1
0.93465394;1
0.8378404;1
0.65438265;0
0.8655982;1
0.97198606;1
0.7046181;0
0.4680384;1
0.041483447;0
0.5932189;0
0.7423175;1
0.84620315;1
0.6273423;1
0.7299117;1
0.9812936;1
0.5867487;0
0.9613613;1
0.9957243;1
0.7361592;1
0.97225285;0
0.9885139;0
0.9324286;1
0.615267;1
0.61931694;0
0.7070033;0
0.82991046;1
0.7637223;0
0.5629117;0
0.2904998;0
0.61169946;1
0.19109792;0
0.7012608;0
0.90438795;0
0.97582495;1
0.74467003;0
0.85035866;1
0.53723216;1
0.9816522;1
0.24166805;0
0.9288283;1
0.98463887;1
0.98124766;1
0.9702645;1
0.4625633;0
0.82264614;0
0.9378366;0
0.88847387;1
0.8885267;1
0.9765474;1
0.80030614;1
0.49426785;0
0.20743336;0
0.880829;1
0.44946328;1
0.54486465;0
0.8676436;1
0.82238036;0
0.37208304;0
0.13886999;0
0.90053165;0
0.8671728;1
0.12993093;0
0.93535;1
0.72837466;1
0.7575097;0
0.9623496;1
0.87419313;0
0.33512333;1
0.99601483;1
0.99590933;1
0.90701777;1
0.47314033;0
0.5985268;1
0.34875646;1
0.85426927;0
0.9577541;1
0.7530406;1
0.9927241;1
0.91282123;1
0.5871577;1
0.92412186;0
0.85479015;1
0.9342583;1
0.9397673;1
0.9741604;1
0.87440264;1
0.91953045;1
0.55595773;1
0.9994294;1
0.631227;1
0.82666004;0
0.59054935;0
0.97378063;1
0.62250865;0
0.62267137;0
0.94651943;0
0.6201356;0
0.7631677;1
0.9976162;1
0.91506994;1
0.5236067;0
0.9945667;1
0.80294627;0
0.9755023;1
0.29192075;0
0.99767846;1
0.70872456;1
0.59029514;0
0.6870264;0
0.879092;1
0.8143383;1
0.98596174;0
0.119111046;0
0.9147391;0
0.93686044;1
0.59172916;0
0.90171224;0
0.8323664;0
0.71820325;0
0.5973527;1
0.8981704;1
0.8771041;0
0.98029125;1
0.89036995;0
0.7358953;1
0.80761886;0
0.8807705;1
0.77643853;0
0.7900339;1
0.8836503;1
0.89420074;1
0.383282;1
0.3894382;0
0.95034;1
0.95903575;0
0.33503556;0
0.82109195;0
0.925768;0
0.82270163;1
0.727855;1
0.8969992;0
0.6581662;1
0.763626;1
0.9074629;1
0.7929981;1
0.7618999;0
0.70591366;1
0.47466242;1
0.83875597;0
0.7585373;0
0.60831076;1
0.987295;1
0.57754546;1
0.5289533;1
0.999642;1
0.66139305;1
0.80644745;1
0.9966466;1
0.986349;0
0.5272098;0
0.9219899;0
0.98447305;1
0.78552574;1
0.39451143;0
0.84058046;0
0.8305134;1
0.6733491;0
0.74778914;1
0.68606436;1
0.98655975;1
0.27946508;0
0.72256637;0
0.97489613;1
0.8910262;1
0.94396156;1
0.9631322;1
0.9488401;1
0.74482393;1
0.61157084;0
0.8631491;1
0.97421426;1
0.91304934;1
0.8198091;0
0.9806347;1
0.74414456;1
0.36084166;1
0.99853647;1
0.40306523;0
0.8646595;0
0.8321915;1
0.7938745;1
0.48142266;0
0.985039;0
0.42862982;1
0.9833678;1
0.99844414;1
0.18462418;0
0.98003495;1
0.9929034;1
0.94183683;1
0.77029246;1
0.6535859;0
0.9120376;1
0.49454936;1
0.6342495;0
0.84974706;1
0.63665783;1
0.9079221;1
0.7487739;0
0.9332741;0
0.8426391;1
0.6928722;1
0.261295;0
0.9876072;1
0.91263175;1
0.9982243;1
0.27700824;0
0.49644774;0
0.86085784;1
0.9906764;1
0.5009515;1
0.96549445;1
0.31011954;1
0.8207209;0
0.87707305;1
0.7681385;0
0.7989712;1
0.8847765;1
0.8912724;0
0.8761459;1
0.6567185;1
0.9266437;1
0.95250696;1
0.79260325;1
0.52112186;1
0.58988976;1
0.19047235;0
0.61797595;0
0.93819386;0
0.7817732;1
0.7659182;1
0.8132256;1
0.9143861;1
0.8026091;1
0.94045883;0
0.90760154;1
0.33292946;0
0.75149524;0
0.3990573;1
0.97124296;1
0.9386105;1
0.53104854;1
0.70803684;1
0.98700887;0
0.90501016;1
0.9455243;1
0.9570728;0
0.9986532;0
0.7380362;0
0.23619445;0
0.98097;1
0.77925694;1
0.98568165;1
0.9798251;0
0.85071665;0
0.92351395;1
0.9935632;1
0.68468505;0
0.5528915;1
0.9184138;0
0.45622814;1
0.6108962;0
0.69119596;1
0.9459391;1
0.9551083;0
0.946233;1
0.8808074;1
0.9956428;1
0.48435172;1
0.58269817;0
0.6574777;1
0.87916255;1
0.85841894;1
0.16067001;0
0.9725802;1
0.9870673;1
0.6569004;0
0.8881868;0
0.43038532;1
0.8191285;1
0.6024719;0
0.7711232;1
0.91349685;1
0.9968002;1
0.86679107;0
0.9173716;1
0.69483024;0
0.91456753;1
0.97217554;1
0.6367289;0
0.89064145;1
0.9493217;1
0.9726341;1
0.71166253;1
0.8772192;0
0.9949945;0
0.89762634;1
0.9143022;0
0.7705278;0
0.9265389;0
0.69062376;0
0.32904118;1
0.18333334;1
0.8923394;1
0.9580841;1
0.78664446;1
0.9910657;1
0.9657427;0
0.85609215;0
0.9630568;0
0.94165456;1
0.91941124;1
0.2062331;0
0.41622138;0
0.6321328;0
0.9515147;1
0.073628284;0
0.95396185;0
0.9085072;1
0.4436688;0
0.72942454;0
0.18534262;0
0.90669817;0
0.8433122;0
0.8713595;1
0.25774276;0
0.7032785;1
0.7411954;1
0.70926;1
0.97337747;1
0.99529904;1
0.92159575;1
0.6958951;1
0.9920854;1
0.6280267;0
0.6755377;0
0.9860648;1
0.97285765;1
0.16734435;0
0.98684734;1
0.81207013;0
0.79445106;1
0.9710453;1
0.98678803;1
0.9849333;1
0.4112458;1
0.5789056;0
0.96254116;1
0.9549053;1
0.90236896;0
0.97446185;0
0.9740494;1
0.86149;1
0.9740416;1
0.17543317;0
0.9366533;0
0.7904207;1
0.9122777;0
0.96036655;1
0.93961704;1
0.94620776;1
0.8742944;0
0.91792476;1
0.9764241;0
0.88238645;0
0.56564474;1
0.72758603;1
0.114181936;1
0.90513694;0
0.94260484;1
0.5910005;1
0.95930576;1
0.60160965;0
0.39420426;1
0.98837376;1
0.8933632;1
0.9789044;1
0.9158661;1
0.558897;1
0.8547662;0
0.6603713;0
0.45408478;0
0.99748814;1
0.09201794;0
0.9684202;0
0.61198103;1
0.9489186;1
0.7508279;1
0.99709;1
0.858082;0
0.9210958;1
0.37158823;0
0.325394;0
0.96483576;1
0.6037177;1
0.9919411;1
0.7589779;0
0.7605204;1
0.69709635;1
0.46761432;0
0.9318143;0
0.9526279;1
0.9816321;0
0.9406214;1
0.6887699;0
0.7829273;1
0.09156781;0
0.87450737;0
0.94414115;1
0.96519953;1
0.7110938;1
0.8311335;0
0.98241675;1
0.770272;1
0.33127415;1
0.44666073;1
0.8004157;1
0.68414265;1
0.8039032;1
0.74044305;0
0.8644426;1
0.8472554;1
0.8777449;1
0.10154473;0
0.94763905;1
0.76519066;0
0.98894054;1
0.97270423;1
0.6346051;0
0.99138945;1
0.62435716;0
0.99261695;1
0.9843395;1
0.98451555;1
0.20156746;0
0.9357131;1
0.45737433;0
0.9088158;1
0.64013594;0
0.8071063;0
0.5235689;1
0.86998;1
0.96781677;1
0.8787269;0
0.96551305;1
0.7470331;0
0.1441243;0
0.5598115;0
0.81123215;1
0.9768181;1
0.8974173;1
0.50752336;1
0.50610554;1
0.9606813;1
0.99553454;1
0.81277883;1
0.76890546;1
0.8202646;1
0.8871085;1
0.9601655;1
0.6920463;1
0.90079033;1
0.8191868;1
0.37679267;0
0.9913272;1
0.4280158;0
0.30682966;0
0.9168851;0
0.9655969;1
0.09972271;0
0.37436384;0
0.95870715;1
0.9475063;1
0.86113906;1
0.3578998;0
0.8393151;1
0.7144463;0
0.72511053;1
0.86169124;0
0.9510103;0
0.9908765;1
0.79363465;1
0.692531;0
0.7461971;1
0.9194448;1
0.99662054;1
0.3482627;0
0.8203497;1
0.9240387;1
0.6347198;1
0.9174178;1
0.32355985;0
0.9365839;1
0.33859596;0
0.97959864;1
0.73837197;1
0.71527416;1
0.82361096;1
0.92314595;1
0.80278593;1
0.93866163;1
0.21886447;0
0.9994388;1
0.8821661;1
0.49222964;0
0.9953746;1
0.9766276;1
0.97265077;1
0.9813054;1
0.9521173;1
0.9914752;1
0.050663915;1
0.21127787;1
0.84997517;0
0.6514773;1
0.9003642;1
0.8640248;1
0.65387726;0
0.9647867;0
0.8742513;1
0.9362226;1
0.2608917;1
0.9912951;0
0.6505284;0
0.748164;0
0.309244;0
0.30627158;1
0.9781877;0
0.8747421;0
0.63712823;1
0.99375993;1
0.6549966;1
0.94549674;1
0.99070436;1
0.8818542;1
0.6445356;1
0.87742853;1
0.91323733;1
0.9549479;0
0.9742785;1
0.9806342;1
0.98535025;0
0.99954814;1
0.8959805;0
0.99726677;1
0.8471202;0
0.47633985;1
0.87409234;1
0.9946179;1
0.9182814;1
0.8039876;1
0.84254414;1
0.86701673;1
0.9950482;1
0.7286524;1
0.116223656;0
0.7683723;0
0.2185919;0
0.4629031;0
0.7936776;1
0.72942764;0
0.62109756;0
0.99581945;1
0.9379638;0
0.8172235;1
0.9923138;1
0.6507525;1
0.17815495;0
0.68266684;1
0.22671995;0
0.70239455;1
0.8266142;0
0.3147958;0
0.99999046;1
0.27926394;0
0.88178533;1
0.53313774;1
0.8501108;0
0.91416633;1
0.94626135;1
0.9975485;1
0.92117363;1
0.48391888;1
0.82145804;0
0.49984092;1
0.7003967;1
0.9676616;0
0.85252154;1
0.9745292;0
0.32383728;0
0.983913;1
0.9273078;1
0.41078642;1
0.8788335;1
0.542421;1
0.28818655;1
0.9657985;1
0.585561;1
0.6975928;1
0.98745406;1
0.77502453;0
0.7608566;1
0.9178845;1
0.7917015;1
0.2921578;0
0.8833855;1
0.94438654;1
0.7211857;1
0.98906446;1
0.48519206;1
0.9616679;0
0.9645819;1
0.23045918;0
0.9809014;1
0.7991942;0
0.9976955;1
0.9960813;1
0.95430064;1
0.6829899;1
0.07505651;0
0.9686282;1
0.9374167;1
0.68183005;0
0.675326;1
0.7030667;1
0.7819614;1
0.8852145;1
0.5325612;1
0.22907643;0
0.7929815;0
0.92046237;1
0.9602718;1
0.42928082;0
0.9733094;1
0.803602;1
0.45083773;0
0.67424554;1
0.78713566;1
0.6890678;1
0.13889664;1
0.85567117;0
0.76380885;0
0.96010035;1
0.7955246;1
0.92716205;1
0.899323;1
0.90674126;0
0.9881394;1
0.42879334;0
0.9787243;1
0.7306955;0
0.8484952;1
0.7161605;1
0.95585215;1
0.8641639;1
0.52316;1
0.33743352;1
0.66068935;0
0.9870422;0
0.17955106;0
0.39790815;1
0.9468375;1
0.8730223;1
0.9554358;1
0.9129887;1
0.73338926;1
0.7977149;0
0.30330592;0
0.820505;1
0.78268814;1
0.9990214;1
0.52205086;0
0.9731766;1
0.9419685;1
0.99792385;1
0.99630284;1
0.9659864;1
0.9792022;1
0.7931807;0
0.9756089;1
0.8989033;0
0.9377009;1
0.83135045;0
0.7811055;0
0.113591865;0
0.9852439;1
0.06660801;0
0.9896137;0
0.9099797;1
0.6322249;0
0.9795518;1
0.9037001;1
0.5485331;1
0.90615183;0
0.9672427;1
0.7201345;0
0.6134213;1
0.86710674;0
0.84123695;1
0.52153677;1
0.86757904;0
0.84606093;0
0.99775887;1
0.8854066;0
0.87514347;1
0.70121336;1
0.39067042;1
0.99271226;1
0.17943776;0
0.4672793;0
0.576867;1
0.72276694;1
0.9998766;1
0.63378984;0
0.7771714;0
0.9778978;0
0.92454594;0
0.89270186;1
0.88141704;1
0.7765696;0
0.5529696;0
0.21213087;0
0.78271;1
0.85867065;1
0.41870636;1
0.9550778;1
0.8114073;1
0.82779205;1
0.9922389;1
0.90310574;1
0.7520203;0
0.8201152;1
0.5726985;1
0.66115713;1
0.93871975;1
0.93073124;1
0.43503004;0
0.8449764;1
0.78561;0
0.5126581;0
0.9841192;1
0.21836893;0
0.6092829;0
0.67278904;1
0.71727496;0
0.9389364;1
0.78137124;1
0.54712415;0
0.88307446;0
0.57316816;1
0.9655988;1
0.38127106;0
0.8929982;0
0.87383646;1
0.9866398;1
0.99637455;1
0.942495;1
0.20073663;0
0.5832168;1
0.80782515;1
0.9876189;1
0.62944233;1
0.8160816;1
0.9504413;1
0.93890226;1
0.9881754;0
0.98648214;0
0.6871804;0
0.9999479;1
0.9700742;1
0.9940884;1
0.71151114;1
0.9002872;1
0.98722214;1
0.9478015;1
0.23030673;0
0.8738836;0
0.977566;1
0.9143916;1
0.95713603;1
0.47002247;0
0.19082823;0
0.15607876;0
0.9511467;1
0.98633444;1
0.07556715;0
0.52001286;1
0.98278356;1
0.99176157;1
0.7134345;0
0.9646528;0
0.798562;1
0.69656175;0
0.9087264;0
0.8727631;0
0.93419504;1
0.9738415;1
0.88814425;0
0.61392534;1
0.6790345;0
0.6262194;1
0.7473665;1
0.8771337;1
0.96999425;1
0.9267068;1
0.7955112;0
0.937726;1
0.72160476;0
0.52596754;0
0.8129758;1
0.98859847;0
0.92066157;1
0.9901883;1
0.41776514;0
0.98158145;1
0.972924;1
0.098112985;0
0.72779185;0
0.6040118;1
0.7062003;1
0.99390715;1
0.55729103;1
0.2864448;0
0.9534752;1
0.9382794;0
0.8336119;1
0.97542053;1
0.9959545;1
0.919865;0
0.96540046;1
0.9355797;1
0.86766756;0
0.9795436;1
0.9098847;0
0.7777246;0
0.8203559;0
0.93514043;1
0.9380812;1
0.7641166;0
0.91823786;0
0.9848298;1
0.8910843;0
0.83085746;0
0.7398835;1
0.9632492;1
0.75280106;0
0.9737593;1
0.83162624;1
0.82772255;1
0.6773556;1
0.6481338;1
0.60077375;1
0.7166373;0
0.86865616;1
0.9870244;1
0.73557895;1
0.7971413;1
0.19032781;0
0.933801;1
0.7885778;1
0.5761793;1
0.4297284;0
0.5308028;1
0.7990439;1
0.9843233;0
0.63521975;1
0.285824;0
0.41246918;0
0.92343324;1
0.8083117;0
0.71645457;0
0.85242456;1
0.6691895;0
0.9975189;1
0.5430331;1
0.9997613;1
0.7109106;1
0.7935764;1
0.8201434;1
0.48088387;0
0.7546722;1
0.61257666;0
0.7487217;1
0.9999391;1
0.79559296;0
0.9988984;1
0.9652164;1
0.33134902;0
0.9952455;1
0.9070825;1
0.3039695;1
0.9400042;1
0.75664026;1
0.47663072;0
0.91258955;1
0.179259;0
0.8148433;1
0.42113084;0
0.9801174;1
0.93799675;0
0.9393413;1
0.9536795;1
0.95016533;1
0.91979736;1
0.998572;1
0.574913;1
0.20269464;1
0.73552835;0
0.9367294;0
0.5544643;1
0.9643422;1
0.7687952;1
0.9837149;0
0.9572103;1
0.89645046;0
0.78603375;1
0.74436235;1
0.98111063;0
0.53941613;0
0.8922336;1
0.9177626;1
0.97929907;1
0.9344877;0
0.88842046;1
0.8778801;1
0.4391086;1
0.7533064;1
0.51845735;1
0.9245692;1
0.17126927;1
0.123984374;0
0.9353884;1
0.5870276;0
0.99824893;1
0.9825859;1
0.8755409;1
0.9835933;1
0.65396583;1
0.954362;0
0.99462044;0
0.581851;1
0.9656514;1
0.87604874;1
0.5749252;1
0.8290608;0
0.83068514;0
0.8737134;1
0.94977987;1
0.9280651;1
0.58990824;0
0.973625;0
0.7802055;1
0.79568124;1
0.9943347;1
0.22456737;1
0.73752576;1
0.98716533;1
0.49156445;0
0.56440324;1
0.9946238;1
0.8336368;1
0.87848485;0
0.9780994;1
0.9665691;1
0.9139141;0
0.7065875;1
0.57554156;1
0.639667;1
0.9797753;0
0.4475172;1
0.61287403;1
0.9281256;1
0.9691171;0
0.8127181;0
0.9955064;1
0.85902715;1
0.9779594;1
0.9635252;1
0.83345616;1
0.960336;1
0.24866;0
0.84116334;1
0.5227954;0
0.8172604;1
0.9423745;1
0.8692575;1
0.57311165;0
0.34865978;0
0.8779301;1
0.52053607;0
0.9996513;1
0.9952767;1
0.09248781;0
0.86468834;1
0.8990249;1
0.90069175;0
0.9741864;0
0.98491675;1
0.9844321;0
0.72465223;0
0.8148296;0
0.9942127;1
0.67306554;0
0.43603694;1
0.6007597;1
0.98857003;1
0.89330935;1
0.76464736;1
0.86620295;0
0.75641507;1
0.85806733;1
0.19454783;0
0.8931098;0
0.9104415;1
0.94546354;1
0.9625076;1
0.98018104;1
0.81043494;0
0.9519309;1
0.9422928;0
0.6883217;0
0.65958536;0
0.77038515;0
0.53002155;1
0.73954654;0
0.97067386;1
0.92233133;1
0.9935667;1
0.94379497;1
0.97320706;1
0.98988837;1
0.74193203;1
0.82939935;1
0.9977496;1
0.9883314;1
0.9367114;1
0.2720039;0
0.894836;1
0.9843652;1
0.3080478;0
0.55447656;0
0.93740726;0
0.90577084;1
0.76825887;1
0.78631616;1
0.9895482;1
0.72042865;0
0.5288515;0
0.5588948;1
0.11763736;0
0.9631824;1
0.7237538;0
0.50741166;1
0.60824966;0
0.114017285;0
0.43523285;0
0.6364625;1
0.97605467;0
0.2017273;0
0.9345152;1
0.5546923;1
0.86761254;0
0.90608037;0
0.96096593;1
0.16835909;0
0.6842748;1
0.696461;1
0.20954865;1
0.9970137;1
0.5213177;0
0.31278768;1
0.56169397;1
0.8467513;1
0.31027722;1
0.7478353;0
0.8708363;1
0.56015015;1
0.98571324;1
0.998547;1
0.98167694;1
0.98129547;1
0.15464005;0
0.88129747;1
0.46175197;1
0.82071537;1
0.915825;1
0.61110616;0
0.82922477;1
0.97676814;1
0.9348543;0
0.7618959;1
0.78699535;1
0.9794166;1
0.9959859;1
0.59439176;0
0.93303996;1
0.411276;1
0.18544848;0
0.6157882;1
0.9819629;1
0.9650002;1
0.98385113;0
0.8899766;1
0.9939697;1
0.87075925;0
0.8429969;1
0.23456961;0
0.8496485;1
0.97541636;1
0.9967007;1
0.85639924;1
0.95006067;1
0.8227476;1
0.9215641;1
0.55150115;0
0.98791295;0
0.9607656;1
0.58502024;0
0.75476813;1
0.31827927;1
0.64840335;1
0.32168052;0
0.28171352;0
0.98255956;1
0.5242543;1
0.6421947;0
0.94110835;1
0.90944964;1
0.31916013;0
0.9898198;1
0.9623092;1
0.49133828;0
0.5776358;1
0.95527726;1
0.454203;1
0.9699737;1
0.98417044;1
0.91951835;1
0.44776404;1
0.50877106;1
0.82286084;1
0.8591227;1
0.9766516;1
0.45333737;0
0.98550284;1
0.94244325;0
0.90927386;1
0.84022313;1
0.9344142;1
0.9962513;1
0.9281754;1
0.7821387;1
0.25646093;0
0.948655;1
0.42110685;1
0.79582536;1
0.91418916;0
0.80613214;1
0.8321813;1
0.9848028;1
0.99232095;1
0.99228764;1
0.80919117;1
0.9891264;1
0.900132;1
0.21838646;0
0.98994535;1
0.60906863;0
0.92721874;1
0.9887919;1
0.9972199;1
0.3492579;0
0.9792474;0
0.6128091;1
0.5185548;1
0.9853903;0
0.8128364;1
0.67823064;1
0.819079;0
0.98549855;1
0.66726196;1
0.99798465;1
0.6293085;0
0.21202306;1
0.93914276;1
0.9311643;1
0.57047695;0
0.9416516;1
0.5835853;0
0.23990898;0
0.83862865;1
0.9627577;1
0.996447;1
0.7424626;1
0.60253406;1
0.9866435;1
0.7930138;0
0.44720072;0
0.55896336;1
0.59254175;0
0.7203747;1
0.97505945;1
0.88743174;1
0.696256;1
0.87300617;1
0.2649981;0
0.52795637;1
0.77853096;0
0.55273134;1
0.6948565;1
0.9495755;1
0.64912474;1
0.7737352;0
0.7132053;0
0.92712647;1
0.7575092;0
0.24736667;0
0.8621672;0
0.5870258;1
0.83704096;0
0.29575384;1
0.27539715;0
0.9961642;1
0.3507054;0
0.76847756;0
0.83455664;0
0.8121721;1
0.77992254;1
0.7227029;1
0.9171869;1
0.98902893;1
0.8846945;0
0.98225963;0
0.6179924;0
0.92791605;0
0.55729115;1
0.30715063;0
0.8597245;1
0.9855247;1
0.99898833;1
0.6742731;1
0.67174155;1
0.99979883;1
0.9646005;0
0.8575634;1
0.92515826;1
0.9137143;1
0.319818;0
0.97942597;1
0.8586348;1
0.89507776;1
0.8272904;1
0.65549266;0
0.6554255;1
0.83581907;0
0.4694613;0
0.9973047;0
0.19545786;1
0.8266911;1
0.08160715;0
0.8390218;0
0.75895983;1
0.8125824;1
0.9779025;1
0.88213825;1
0.45120814;0
0.85108244;1
0.9990151;1
0.82874405;1
0.7488607;0
0.82172585;0
0.72016233;0
0.7607981;1
0.37868455;1
0.9858371;1
0.9904236;1
0.67701304;0
0.77797276;1
0.97304815;1
0.9576022;1
0.9701338;1
0.95052946;1
0.87919235;0
0.9148794;1
0.90578586;1
0.4392617;0
0.93749094;1
0.8065923;0
0.7804109;1
0.75049186;0
0.763982;1
0.4327599;1
0.9732607;1
0.84339404;1
0.8858556;0
0.7851455;1
0.89832294;1
0.88635904;1
0.5507426;1
0.75483763;1
0.5388017;0
0.9943884;1
0.9794573;0
0.63307464;0
0.9826958;1
0.86207056;1
0.9942094;1
0.832801;1
0.9463235;1
0.34104496;0
0.6752364;0
0.9957931;1
0.871617;1
0.60919654;1
0.63883066;0
0.981911;1
0.60755587;1
0.4822078;0
0.9480336;0
0.64511704;0
0.94139165;1
0.99807346;1
0.99770975;1
0.95438784;1
0.7866044;1
0.5529989;1
0.96296084;1
0.714267;0
0.6330191;1
0.7848364;0
0.43645948;1
0.9255277;1
0.86345315;1
0.6878583;1
0.99040294;1
0.9655776;1
0.9881962;1
0.4927088;1
0.7999783;1
0.73076713;0
0.98233163;1
0.8517757;1
0.9365433;1
0.6664706;1
0.9829228;1
0.76171255;0
0.93953025;1
0.9804955;0
0.9952455;1
0.90516543;1
0.8682312;0
0.62331325;0
0.97395885;1
0.932272;0
0.2800829;0
0.8368315;0
0.8621739;1
0.28224537;1
0.51873666;0
0.93211305;1
0.8776709;1
0.34464127;0
0.8682204;1
0.5777294;1
0.99526346;1
0.6350953;0
0.6784737;1
0.9329831;1
0.9036568;1
0.8214443;1
0.69647735;1
0.7548856;0
0.7675884;0
0.9099965;1
0.5711567;0
0.9988978;1
0.6103042;0
0.44115505;0
0.7216593;1
0.9823521;1
0.80341893;1
0.9917053;1
0.65884376;1
0.63340616;1
0.95959747;0
0.912716;1
0.92939276;1
0.99793375;1
0.6682662;1
0.84571564;0
0.9921428;1
0.859604;1
0.9928348;1
0.6697902;1
0.797514;0
0.95459753;1
0.9712828;1
0.80868924;0
0.86870825;1
0.70314914;1
0.73020333;1
0.9678994;0
0.6643921;1
0.7944346;1
0.6322155;0
0.6359441;0
0.9777117;0
0.85239875;0
0.8395476;0
0.98677516;1
0.9333785;1
0.72077173;0
0.7071046;0
0.9901938;1
0.4303437;0
0.7581142;1
0.9895536;1
0.14855288;0
0.53227216;0
0.98694986;1
0.94208413;1
0.8699301;1
0.37066016;1
0.9721076;1
0.68989575;1
0.90117466;0
0.97786707;1
0.6109794;1
0.9151612;0
0.9940801;0
0.72330797;0
0.9445782;0
0.81949;0
0.74316555;1
0.89584506;1
0.6702212;1
0.99774534;1
0.83381855;0
0.95530677;1
0.5937394;1
0.59854245;0
0.6670208;1
0.6697295;0
0.8867549;0
0.84615284;1
0.9816197;1
0.88881;1
0.985593;1
0.7559048;0
0.8784227;1
0.95498866;1
0.6785954;0
0.896055;1
0.51142657;1
0.82976705;0
0.7677772;1
0.97696596;1
0.6335654;0
0.7360034;0
0.9428533;1
0.8843693;0
0.90235704;1
0.98789483;1
0.9479908;1
0.89840865;1
0.1313886;0
0.5734553;1
0.71344185;0
0.9717416;0
0.9250378;1
0.9759713;0
0.72506243;0
0.9552014;1
0.9057341;0
0.7030029;1
0.85374206;0
0.8904929;1
0.5097565;1
0.6121711;0
0.7382833;0
0.9745525;1
0.6961293;0
0.83963513;0
0.9581662;1
0.3965818;1
0.5350493;0
0.31032628;0
0.98147017;1
0.31688398;0
0.9899637;1
0.87047166;1
0.88176465;1
0.989908;1
0.9802454;0
0.8568801;0
0.6951649;1
0.9652551;1
0.6736267;1
0.6413236;0
0.83294314;0
0.66451275;0
0.9763218;0
0.8654692;1
0.7382823;0
0.97352874;1
0.99294597;1
0.9256775;1
0.73814756;0
0.79682446;1
0.934233;0
0.99398094;1
0.9929096;1
0.6676537;0
0.85048074;1
0.7565104;0
0.2638017;0
0.5367248;1
0.8133963;1
0.7618378;1
0.64498866;0
0.13000847;0
0.72866136;0
0.7523775;0
0.5324867;0
0.9897021;1
0.95415896;1
0.9893226;1
0.38041168;0
0.9430721;1
0.8334436;1
0.8311166;1
0.6245684;0
0.97115123;1
0.9766343;1
0.6757474;1
0.71739215;1
0.98139083;1
0.7503175;0
0.99201596;1
0.98777395;1
0.9169395;1
0.8022489;1
0.8825641;1
0.8953405;1
0.7284884;1
0.96554315;0
0.98008305;1
0.9659414;1
0.79251003;0
0.96336335;1
0.4319743;0
0.94663435;1
0.364444;0
0.9351513;1
0.99373525;1
0.9210276;0
0.95420295;0
0.18520954;0
0.9040855;1
0.94429415;1
0.9982815;1
0.9272877;1
0.7245661;1
0.48435912;1
0.86791587;0
0.9846897;1
0.99611545;1
0.54455286;0
0.9798788;1
0.9917555;1
0.3051894;0
0.98847735;1
0.75305796;0
0.33923337;0
0.97344285;1
0.33750793;1
0.81202304;0
0.80341834;0
0.9069973;1
0.8464381;1
0.9463129;1
0.8901436;1
0.60623306;0
0.8334462;0
0.67928195;0
0.64196694;1
0.8060606;1
0.95963126;1
0.98143435;1
0.62188953;1
0.99024254;1
0.817761;1
0.57269007;1
0.99233127;1
0.26049376;0
0.4260756;1
0.49157643;0
0.9363192;1
0.7121488;0
0.6584779;1
0.6612238;0
0.9858468;1
0.86326635;1
0.43490654;0
0.53397626;1
0.96305084;1
0.94763595;1
0.9639822;1
0.9942253;1
0.60397077;1
0.9996401;1
0.51484877;1
0.67913026;1
0.9742793;1
0.9738304;1
0.19788724;0
0.8796534;0
0.89722;1
0.5407364;0
0.99450773;1
0.6016848;1
0.82295185;1
0.48284948;0
0.7676495;0
0.89668983;0
0.9778962;1
0.498402;1
0.9696304;1
0.89930063;0
0.35511523;1
0.95157313;1
0.88605976;1
0.86968863;1
0.34390575;1
0.8418936;1
0.6437077;1
0.6179503;1
0.3906798;0
0.99191886;0
0.6038547;1
0.26478726;0
0.8777584;1
0.99496585;1
0.22848457;0
0.9442887;1
0.92785907;1
0.82829475;1
0.96451235;1
0.70970315;0
0.962572;1
0.79461956;1
0.32568988;1
0.2166059;1
0.63186574;1
0.41767442;0
0.89157414;1
0.6620295;1
0.98907334;1
0.37018648;0
0.7866198;0
0.94900435;1
0.6238358;0
0.8910952;1
0.87468326;1
0.17911746;0
0.22259237;0
0.6652422;1
0.98393524;1
0.9070108;1
0.9990701;1
0.6692394;0
0.95785326;1
0.91907126;1
0.6370391;1
0.44669583;0
0.76034594;1
0.98525476;1
0.4074906;1
0.8819079;1
0.21556331;0
0.9899711;1
0.6192981;1
0.45810023;1
0.33452377;0
0.98344016;1
0.6659727;0
0.76230276;1
0.50543505;0
0.9343791;1
0.9950718;1
0.90442216;1
0.69068044;1
0.89829296;1
0.72862685;1
0.6462154;1
0.6555486;1
0.81921506;1
0.973104;0
0.9144686;1
0.9644324;1
0.30052665;0
0.25741744;0
0.9266072;0
0.85683626;0
0.962645;1
0.9341403;1
0.75240767;1
0.69837785;1
0.9705035;1
0.55607784;1
0.7835138;0
0.83130616;0
0.8554431;1
0.97885555;1
0.6500732;1
0.64374924;0
0.29801372;0
0.60458106;1
0.9979984;0
0.6526431;1
0.8981372;1
0.80971074;1
0.7357545;1
0.70877546;1
0.9120188;1
0.85696423;0
0.9986743;1
0.984126;0
0.391041;0
0.9904122;1
0.8545383;1
0.8851282;0
0.62164223;1
0.8412891;0
0.91144294;1
0.9747567;0
0.8749456;1
0.5954483;1
0.8438183;0
0.828536;0
0.9189206;0
0.71520036;1
0.8411857;0
0.99784195;1
0.44250566;1
0.6124546;0
0.9916618;1
0.7838509;1
0.9530944;1
0.121119104;0
0.956133;0
0.71692467;1
0.97123533;1
0.9995024;1
0.74704856;1
0.64161944;1
0.73692304;0
0.97817683;1
0.6189062;0
0.99817777;1
0.8248713;0
0.99620146;1
0.9972715;1
0.5647836;1
0.68878275;0
0.6787516;1
0.98138237;1
0.75807756;1
0.993704;1
0.9242948;1
0.6149051;0
0.9144752;1
0.77669054;1
0.91998863;1
0.9586159;1
0.9305491;0
0.7919311;0
0.98708147;1
0.9970425;1
0.7979579;1
0.8761709;1
0.9783146;1
0.93966496;0
0.98458415;1
0.73972577;0
0.7195793;0
0.98248625;1
0.9049964;1
0.9364541;0
0.9617312;1
0.969115;1
0.8210897;1
0.9267499;1
0.7896412;1
0.90816987;1
0.44319934;1
0.9922271;1
0.93155026;1
0.80337787;1
0.8522086;1
0.99570835;1
0.9803136;1
0.98490846;1
0.96941334;1
0.9021035;1
0.7032923;1
0.61739695;1
0.778757;1
0.8270531;0
0.9348607;1
0.8695772;1
0.9661665;1
0.13016605;0
0.7987853;0
0.13222186;0
0.48052272;1
0.5790758;1
0.9835579;1
0.7549117;0
0.483656;1
0.9225571;1
0.99977285;1
0.738973;0
0.9360501;1
0.84090066;0
0.9753797;1
0.8871316;1
0.7174805;0
0.8300609;1
0.61903393;0
0.26559412;0
0.7067599;1
0.9956273;0
0.29150736;0
0.47147095;0
0.99974936;0
0.9995846;1
0.7553981;0
0.57287055;0
0.99768937;1
0.8673349;1
0.62982064;1
0.8818678;1
0.21617612;0
0.9810271;1
0.9859723;0
0.76693493;0
0.91671133;1
0.9438904;1
0.61464304;1
0.71159095;1
0.9994357;1
0.6159661;1
0.28726667;0
0.6621999;1
0.9154567;1
0.95450217;1
0.97800463;1
0.93952227;1
0.73726726;1
0.93804014;1
0.75497955;1
0.9991804;1
0.921875;1
0.49352702;1
0.9571834;1
0.8657336;0
0.6735983;1
0.9540305;0
0.7861286;1
0.6660039;0
0.12817286;0
0.7036027;0
0.9846106;1
0.9036965;1
0.46978584;0
0.47759113;0
0.9480678;1
0.8257521;1
0.99541384;1
0.4704906;1
0.7884124;0
0.36136463;0
0.70329785;1
0.57365006;0
0.9913954;1
0.9751472;1
0.9138355;1
0.6440581;0
0.45143908;1
0.709742;0
0.65116364;1
0.8592296;1
0.9060506;1
0.9581578;1
0.770713;1
0.9047611;1
0.94323504;1
0.5288508;1
0.941445;1
0.93033034;0
0.8577031;0
0.7841074;1
0.9781536;1
0.71312535;1
0.8803461;1
0.9305056;1
0.16479692;0
0.50551516;1
0.42122495;1
0.3426129;0
0.053374022;0
0.83092195;1
0.7513168;0
0.8651156;1
0.97079694;1
0.7629189;1
0.9728794;0
0.16092396;0
0.86135083;1
0.719221;0
0.8446857;0
0.77328956;0
0.3284877;0
0.74457777;0
0.24841024;0
0.49585858;0
0.85398436;0
0.9108705;1
0.7556874;1
0.9694194;1
0.91273594;0
0.72685254;0
0.6469661;0
0.8569069;1
0.36299732;0
0.9078782;1
0.6311632;0
0.935323;0
0.99365765;1
0.64701104;0
0.66009164;1
0.99741995;1
0.80164355;1
0.6487385;0
0.9725866;0
0.85111904;0
0.84147114;1
0.8052288;1
0.9173773;1
0.12191218;0
0.46146718;0
0.99385864;1
0.9895124;1
0.8621437;1
0.9708562;1
0.83164907;0
0.7500968;1
0.6262489;0
0.9020742;1
0.13239552;0
0.3819378;0
0.5832732;0
0.6330968;1
0.44514441;1
0.99130756;1
0.8536892;1
0.9569744;1
0.6708294;1
0.98251826;1
0.8321923;1
0.91626245;1
0.8102798;1
0.70413846;0
0.94288135;1
0.9699939;1
0.6847463;0
0.97808856;1
0.9516638;1
0.5599363;0
0.999848;1
0.9988675;1
0.97367835;0
0.9400479;1
0.6314288;1
0.54952407;1
0.9409328;1
0.9985713;1
0.5205046;0
0.95605445;0
0.97971046;1
0.52171934;1
0.821181;1
0.95758986;1
0.8123373;1
0.82303464;0
0.9859908;1
0.8785723;1
0.63679844;1
0.99004364;1
0.5227257;1
0.81871176;1
0.5350864;0
0.31237304;0
0.6240969;0
0.45896044;0
0.9909836;1
0.80174994;0
0.62178814;0
0.97808367;0
0.7429802;1
0.29916346;0
0.8463515;0
0.56387043;1
0.97176;1
0.897373;1
0.9199007;0
0.9638564;1
0.46794656;0
0.41155043;0
0.9978981;1
0.63939744;0
0.8137552;0
0.8248412;1
0.6304625;1
0.9757784;1
0.9915944;1
0.7488691;1
0.9633654;1
0.6309097;1
0.66883796;1
0.863683;1
0.9578759;1
0.95209056;1
0.84605914;1
0.9876644;1
0.23421139;0
0.9669018;1
0.7859686;1
0.64063185;1
0.84325355;0
0.59060043;1
0.90757805;1
0.9005721;1
0.983714;0
0.91672343;1
0.82414186;1
0.9464833;1
0.43552375;1
0.6099015;0
0.9855069;1
0.92259884;1
0.093991384;0
0.72144556;0
0.1601334;0
0.6372519;0
0.17317747;1
0.4670584;0
0.15095305;0
0.8148794;0
0.49241298;1
0.9189612;1
0.48257145;0
0.8532217;1
0.47614807;1
0.98916864;1
0.86711746;1
0.9358733;1
0.41209158;0
0.2899085;0
0.5944639;0
0.68706656;0
0.7693428;1
0.9843344;1
0.94887733;1
0.8040016;0
0.94446033;0
0.71835226;0
0.8544131;1
0.9223257;1
0.6660656;1
0.84899354;0
0.9949174;1
0.95152736;1
0.9750685;0
0.98172736;0
0.5532852;1
0.42263708;0
0.6722788;1
0.757445;1
0.90504044;1
0.99290097;1
0.67355776;1
0.5716743;0
0.8968264;1
0.45085943;0
0.95698076;1
0.6881046;0
0.8559755;1
0.56566083;0
0.9674333;1
0.74345815;1
0.993525;0
0.8076518;1
0.9272144;1
0.8402291;0
0.42852256;1
0.9831334;1
0.8380954;1
0.91677356;1
0.68549055;1
0.68536115;1
0.76234466;1
0.89591825;1
0.81663114;0
0.52611434;0
0.9294293;0
0.5417222;1
0.23120685;0
0.5621582;1
0.98980284;1
0.9554183;1
0.9115061;0
0.7889138;1
0.76982033;1
0.24329808;0
0.26913142;1
0.9214269;1
0.88660043;1
0.41711456;0
0.94185597;1
0.95889413;1
0.33520147;0
0.9962847;1
0.6426301;1
0.6493712;1
0.9403377;1
0.7755251;0
0.6731262;0
0.5946847;1
0.97999144;1
0.9760562;1
0.8432939;1
0.9540457;1
0.5078924;0
0.9542074;1
0.969143;1
0.93352616;0
0.5120902;1
0.90539455;1
0.95680577;1
0.7040117;1
0.9325496;1
0.6290171;0
0.63523436;0
0.51096016;1
0.9435197;1
0.66335815;0
0.96523166;1
0.83335125;1
0.3033541;1
0.6143037;0
0.8060335;0
0.63643944;0
0.77480274;0
0.67320025;1
0.14992715;0
0.6238013;0
0.93189114;1
0.8733445;1
0.97046036;1
0.89058083;1
0.95144093;1
0.9534091;1
0.9710713;1
0.93261844;0
0.8032253;0
0.65747696;0
0.8241526;1
0.9875344;1
0.9005553;0
0.9309155;1
0.95890236;1
0.8268603;0
0.5300528;1
0.39567706;0
0.7860885;1
0.6112574;0
0.972932;1
0.326821;0
0.9421887;1
0.9849155;1
0.9613808;1
0.82325023;1
0.5198849;1
0.65322804;1
0.79273087;0
0.9189016;1
0.42941344;0
0.75442994;0
0.52689636;0
0.6085759;0
0.7668541;1
0.35602328;0
0.5801235;0
0.79805595;1
0.8128921;0
0.55339587;1
0.90663975;1
0.8599233;0
0.26020145;0
0.7899456;1
0.9736892;1
0.82712597;0
0.5837168;1
0.99077094;1
0.79348266;0
0.97003806;1
0.99409074;1
0.37351176;0
0.9930387;1
0.94872916;1
0.9594403;1
0.99419904;1
0.53662807;1
0.94740266;1
0.91290987;0
0.918511;1
0.8023786;1
0.7037911;0
0.7402458;1
0.9961592;1
0.6759013;0
0.9272991;1
0.6516952;1
0.49292046;1
0.97303605;1
0.8853826;0
0.6178398;0
0.9689891;1
0.24014287;0
0.84101015;1
0.43389055;0
0.9629977;1
0.63739836;1
0.96202004;1
0.7320187;0
0.084022336;0
0.7715534;1
0.8543713;0
0.19557545;1
0.7178012;0
0.99134713;1
0.97179675;1
0.724757;0
0.92058855;1
0.8592861;1
0.89179534;1
0.706838;1
0.6202866;0
0.9684341;1
0.9613157;0
0.7503786;0
0.9536734;0
0.50876766;0
0.8709519;0
0.95972735;1
0.7429202;0
0.93689674;1
0.8811714;1
0.93819374;1
0.5576679;0
0.9983485;1
0.7093659;1
0.87476236;1
0.7905537;1
0.9831904;0
0.99811566;1
0.6450837;1
0.83380187;1
0.9947556;1
0.31024665;0
0.9871293;1
0.49216947;1
0.6285364;0
0.34240174;0
0.93043905;1
0.6389532;0
0.82720727;1
0.24582443;0
0.98710424;1
0.32492402;1
0.88732994;1
0.8961001;0
0.54898626;1
0.9801743;0
0.8105243;0
0.7625332;0
0.99934405;1
0.9165774;1
0.9711195;1
0.92662203;1
0.74029887;0
0.95838284;1
0.9184608;1
0.45274362;0
0.60732526;0
0.93619734;1
0.91241723;1
0.89015186;1
0.98966485;1
0.77179915;0
0.95433635;1
0.68955994;1
0.41819364;0
0.62505794;1
0.75327665;1
0.9730646;0
0.98057646;0
0.98025036;1
0.96343344;1
0.95552754;1
0.9903458;1
0.19180661;0
0.3951996;1
0.83714205;1
0.9252315;0
0.6937701;1
0.9004783;0
0.9670775;1
0.9646444;1
0.86604244;1
0.7116914;1
0.5416333;0
0.96662337;0
0.9975217;0
0.9991328;1
0.92089707;1
0.9627386;1
0.19207904;0
0.94859266;0
0.8313255;1
0.99234176;1
0.91606134;1
0.88686746;0
0.6124388;1
0.7440944;0
0.61887926;0
0.99999845;1
0.9779193;1
0.9512857;1
0.865344;1
0.9830163;1
0.9578473;1
0.9628118;0
0.10158296;0
0.8218272;1
0.92841446;1
0.76663464;1
0.19799381;0
0.92681366;0
0.78045946;1
0.96052414;1
0.9687386;1
0.9935434;1
0.95806783;1
0.820879;0
0.9892461;1
0.28065854;0
0.6736507;1
0.3782819;1
0.96594673;1
0.98231214;1
0.93031764;1
0.31467903;1
0.90043527;0
0.73175657;0
0.9537319;1
0.9927521;1
0.6218327;1
0.84497744;1
0.259558;0
0.44074962;0
0.73702145;0
0.7974053;1
0.74674594;0
0.96689075;0
0.94396687;1
0.8378349;1
0.6727359;0
0.81024206;0
0.7228484;1
0.83567446;1
0.89167035;0
0.8211626;0
0.98081255;1
0.9859823;1
0.7092903;1
0.90278155;1
0.50142515;1
0.9999869;1
0.9796403;1
0.934328;0
0.6680318;1
0.89929813;0
0.584861;1
0.9760503;1
0.67401844;0
0.8208254;1
0.7875664;0
0.98696405;1
0.9941565;1
0.06470544;0
0.9849916;1
0.8911456;1
0.2573432;0
0.87808836;1
0.79406774;0
0.6795963;0
0.9845458;1
0.2509683;1
0.95799154;1
0.9890216;1
0.92562646;0
0.60425776;0
0.76763445;0
0.9793117;1
0.91950476;1
0.77667403;0
0.9237505;1
0.26503602;0
0.8565001;1
0.8154907;1
0.4604632;1
0.9828005;1
0.08631725;0
0.8093296;0
0.19925052;0
0.9720166;1
0.874395;0
0.47550452;1
0.8228891;1
0.7582135;0
0.8241326;1
0.84417146;0
0.9846599;1
0.55737764;1
0.9385161;1
0.81501526;1
0.8374801;1
0.8515685;1
0.76110953;1
0.45778203;1
0.2048695;0
0.24990119;0
0.83613086;1
0.5653243;1
0.85453033;0
0.9197577;1
0.85518795;1
0.81787795;1
0.71929437;1
0.9704735;1
0.8468858;0
0.59690917;0
0.966267;1
0.6623828;1
0.8772889;1
0.99476975;1
0.83035547;1
0.87815076;1
0.24808548;0
0.33737615;1
0.57492626;0
0.83074296;0
0.92540854;0
0.998428;1
0.94850063;1
0.9957325;1
0.9894164;1
0.9622295;1
0.6980614;0
0.8221417;0
0.45566365;0
0.99286145;1
0.33154157;0
0.3664254;1
0.8887985;0
0.68989944;1
0.21451682;0
0.73015034;0
0.5271003;0
0.4978868;0
0.711474;1
0.72442526;1
0.88474834;1
0.68355983;0
0.9802597;1
0.99032086;1
0.6943906;1
0.9659262;0
0.9243965;1
0.46080205;0
0.99886143;1
0.8257764;1
0.7570916;1
0.40286964;1
0.9756006;1
0.9136529;1
0.81394404;1
0.9941539;1
0.9238815;1
0.98643076;1
0.90363526;0
0.65564;0
0.99968827;1
0.9719829;1
0.9925208;1
0.4664384;0
0.31409922;1
0.50639033;1
0.93700033;1
0.13718826;0
0.89922166;1
0.21290122;1
0.27271816;0
0.905983;0
0.98885053;1
0.5426949;1
0.9961726;1
0.5871476;0
0.9494384;1
0.9885367;1
0.94422245;1
0.83059275;0
0.8797753;0
0.92613727;1
0.6829754;1
0.35324442;1
0.8844936;0
0.8428376;1
0.85817707;0
0.492409;1
0.9132583;1
0.960764;1
0.8912694;1
0.98680043;1
0.63194484;1
0.6935958;0
0.8198053;1
0.8048933;1
0.8152491;1
0.6213697;1
0.7731541;0
0.8459428;1
0.7553683;1
0.8199458;1
0.83102113;0
0.48075864;1
0.99006253;1
0.72069305;0
0.84901613;0
0.2668658;0
0.98868144;1
0.9811266;1
0.9529294;1
0.70511925;1
0.98236096;1
0.97327393;1
0.80071187;1
0.9760233;1
0.42926678;0
0.9901084;1
0.9789898;1
0.9673162;1
0.70933706;0
0.9717776;1
0.92324656;0
0.632799;1
0.89116555;1
0.78574646;1
0.946449;1
0.9921759;1
0.45019397;0
0.90720147;1
0.9349653;1
0.9779921;1
0.9101367;1
0.9929476;1
0.7165266;1
0.9661322;0
0.96990716;1
0.9850853;1
0.7036844;1
0.68050593;1
0.36455452;1
0.93421;1
0.58515704;1
0.8944079;1
0.9948757;1
0.7700258;0
0.9551845;1
0.8209056;1
0.9370893;1
0.98280853;1
0.88851494;0
0.3701467;1
0.96868694;1
0.6253379;0
0.8357874;1
0.9856032;1
0.7469654;0
0.95350367;1
0.647074;0
0.99955314;1
0.702195;1
0.97422826;0
0.9954319;1
0.11380865;0
0.78835034;0
0.9965934;1
0.7732475;0
0.98598796;1
0.8832428;1
0.99044377;1
0.9953166;1
0.9998878;1
0.98951787;1
0.9419581;1
0.5868304;0
0.45140254;0
0.6665356;0
0.94003654;1
0.9644781;0
0.54269904;0
0.6496993;1
0.53734297;0
0.875581;1
0.99480563;1
0.98549634;1
0.9857209;1
0.5804848;1
0.50807893;1
0.9961515;1
0.9821854;1
0.20700462;1
0.9252049;0
0.9850146;1
0.8564048;1
0.8993807;1
0.61969656;1
0.669983;1
0.9348206;1
0.646775;1
0.64184225;0
0.7248144;1
0.95381474;1
0.632065;0
0.8608133;0
0.84026253;1
0.540665;1
0.9902014;1
0.72928596;1
0.5403879;1
0.9107148;1
0.93155336;0
0.89928424;1
0.9810456;1
0.99955755;1
0.839227;1
0.7862105;1
0.913855;1
0.15816458;0
0.47492495;1
0.9800838;1
0.77362645;1
0.9801415;1
0.6731443;1
0.9626681;1
0.7134977;1
0.9688219;1
0.965972;1
0.6957042;0
0.9234242;0
0.83389133;1
0.9046791;1
0.1458585;0
0.7418174;1
0.9801332;1
0.6808562;1
0.42283434;0
0.47393373;0
0.92750156;0
0.87719613;0
0.79737824;0
0.44257346;0
0.84759885;1
0.49799767;1
0.6118875;0
0.71036077;1
0.86174744;1
0.30676743;1
0.85275215;1
0.47252974;0
0.5763628;1
0.78812873;1
0.7849864;0
0.92027634;1
0.5996216;1
0.5638559;1
0.79673487;1
0.7519307;0
0.86873305;1
0.68342865;1
0.72196704;1
0.9238304;1
0.99369323;1
0.98939764;0
0.74005127;0
0.7785848;1
0.952087;1
0.6025559;1
0.47728387;0
0.30936044;0
0.8234288;0
0.9982913;1
0.9123932;0
0.992316;1
0.7272156;0
0.53718853;0
0.9003251;0
0.92301565;1
0.89557266;1
0.9991548;1
0.31707484;0
0.7446262;0
0.500662;0
0.95728654;0
0.7455835;1
0.39629775;1
0.96769106;1
0.9210626;0
0.9790323;1
0.69025165;1
0.14427629;0
0.7941745;1
0.9560609;1
0.6446237;1
0.64166576;1
0.9156882;1
0.82211345;0
0.95388806;0
0.9515612;1
0.76220256;1
0.21144408;0
0.18623662;0
0.23131107;0
0.9764115;1
0.22404571;0
0.9733622;1
0.97911876;1
0.9342508;1
0.98350924;1
0.314792;1
0.36601293;0
0.98587567;1
0.8389733;0
0.99215746;1
0.9687016;1
0.12724109;0
0.6657483;1
0.9986058;1
0.53645474;1
0.77895206;0
0.9645485;0
0.8756431;1
0.08998564;0
0.83182067;1
0.99367404;1
0.98397267;1
0.66493076;1
0.77613115;0
0.71936876;1
0.7734253;1
0.9493797;0
0.6832017;0
0.9987363;1
0.7939594;1
0.67942446;1
0.7137806;1
0.8987832;1
0.99628866;1
0.45678133;1
0.9966888;1
0.9983991;1
0.81856537;1
0.84344476;1
0.78700554;1
0.21256283;0
0.29630226;0
0.9859542;1
0.82660854;0
0.5153154;0
0.98539877;1
0.9214212;1
0.8046569;0
0.57138115;0
0.8968909;1
0.86831653;0
0.13028911;0
0.73425394;0
0.52174276;0
0.8957905;1
0.8761032;1
0.5840753;0
0.7222814;0
0.86201817;1
0.66255516;1
0.39660817;0
0.6431567;1
0.80605483;1
0.95845544;1
0.97560453;0
0.89072895;1
0.8944593;1
0.6922246;0
0.98360735;1
0.33497685;0
0.69880736;1
0.44299784;1
0.5723372;0
0.96707624;1
0.93981194;1
0.34149963;0
0.9138168;0
0.750527;1
0.7683392;1
0.2042044;0
0.8405321;0
0.815885;0
0.79115975;0
0.7452227;1
0.9122521;0
0.6626827;1
0.8423896;0
0.7887851;1
0.69684446;0
0.9050724;0
0.9706654;0
0.77856827;1
0.8278866;1
0.44615254;0
0.9816078;1
0.78869057;1
0.99801826;1
0.99904233;1
0.3101288;1
0.6027699;0
0.4272562;0
0.7913609;1
0.67837954;0
0.99142987;1
0.9970291;1
0.3027868;1
0.9870511;1
0.8831681;1
0.9403476;1
0.83906937;0
0.8957517;1
0.6377349;1
0.869916;1
0.27517384;0
0.9953687;1
0.7408208;0
0.979506;1
0.7940785;0
0.47000733;0
0.50843084;1
0.9198784;0
0.9814705;0
0.7222318;1
0.8257582;1
0.5129638;0
0.64444214;0
0.9613343;1
0.17825094;1
0.9839934;1
0.9160035;1
0.9921251;1
0.37106025;0
0.86733496;1
0.86910576;0
0.9370014;1
0.7692459;0
0.9574459;1
0.9163643;1
0.97714955;1
0.89122224;0
0.9407698;1
0.49387816;0
0.97535634;1
0.9586959;1
0.6196321;1
0.41976884;1
0.78072786;0
0.98932904;1
0.73901266;1
0.88464916;0
0.38324088;1
0.28612122;1
0.9986576;1
0.8847675;1
0.8289848;1
0.76494634;1
0.5532565;0
0.68563527;0
0.8819814;1
0.9476901;1
0.45801422;1
0.5479614;1
0.45162085;0
0.45120573;1
0.6046526;1
0.87394834;0
0.6346971;1
0.9374276;1
0.9419781;0
0.98273313;1
0.9978903;1
0.99955875;1
0.9609743;1
0.916691;1
0.88957304;1
0.90634936;0
0.50907147;1
0.7820578;1
0.89163584;1
0.18082353;0
0.79325706;1
0.739501;1
0.8216645;0
0.9086594;1
0.89047706;1
0.8577078;1
0.97091305;1
0.41945723;0
0.9878605;1
0.68819964;1
0.37955844;1
0.99959546;0
0.6378269;1
0.3798035;0
0.5020971;0
0.6057976;0
0.9250857;0
0.77228576;0
0.99258465;1
0.6145458;1
0.339271;1
0.25793418;1
0.49125692;0
0.89491785;1
0.6738425;1
0.1967476;0
0.75531673;0
0.8370542;1
0.40613306;0
0.40082386;1
0.75602925;1
0.52794874;0
0.93813837;1
0.952459;1
0.63982415;1
0.9836104;1
0.75039667;1
0.9169779;1
0.83851;0
0.83429223;1
0.8926436;1
0.97331184;1
0.5925349;1
0.6176737;0
0.4402139;1
0.9920604;1
0.7103076;1
0.9691223;0
0.1070919;0
0.9868225;1
0.9882074;1
0.95800763;1
0.9310119;1
0.20687371;0
0.9904592;1
0.9111951;1
0.86262447;1
0.8654643;0
0.44840837;0
0.12817894;1
0.92641693;1
0.7545092;1
0.9606873;1
0.86326814;0
0.9943228;1
0.7549783;1
0.78988284;1
0.64175546;1
0.93793434;1
0.1602341;0
0.9312836;1
0.72308505;1
0.9868025;1
0.9770743;0
0.44781983;0
0.22153197;0
0.83110243;1
0.441523;0
0.9840963;1
0.54791385;1
0.93574107;1
0.99797124;0
0.9807732;0
0.6241887;0
0.9764531;1
0.7596918;0
0.84969765;1
0.9352518;1
0.7489172;1
0.9561659;1
0.47774175;0
0.9677196;1
0.8432834;1
0.092546955;0
0.86554724;1
0.8965052;0
0.94179535;1
0.3443571;0
0.080622785;0
0.37698272;0
0.9569108;1
0.85015345;1
0.9882316;0
0.4946798;1
0.92415106;1
0.77745545;1
0.9881747;1
0.6909278;1
0.5544179;0
0.999964;1
0.84721595;1
0.96785164;1
0.589338;0
0.7462727;1
0.6451824;1
0.30194366;0
0.9737257;1
0.4679887;1
0.7162834;1
0.97410214;1
0.9160103;1
0.8631835;1
0.9215047;1
0.3599941;0
0.89161557;1
0.31284416;1
0.6413434;0
0.98050404;1
0.77966213;1
0.79397964;1
0.9957657;0
0.69251144;0
0.9930353;1
0.9728799;1
0.76444733;1
0.66398317;0
0.23099513;0
0.832844;0
0.97316855;1
0.5902739;1
0.87185454;1
0.94273716;1
0.98471665;1
0.9484123;1
0.89918834;1
0.92576885;1
0.413244;0
0.91886026;1
0.95939463;1
0.91132706;1
0.8650793;0
0.76231587;1
0.90487623;1
0.99280614;1
0.9655705;1
0.3704555;1
0.97701377;0
0.66192967;1
0.9238596;1
0.5151371;0
0.5595284;1
0.9081738;1
0.9843359;1
0.99254686;1
0.9267913;1
0.7359932;0
0.97379106;1
0.7784633;0
0.88289857;1
0.83303463;1
0.945588;0
0.9880283;1
0.9939266;1
0.9592101;0
0.9240993;1
0.7496005;1
0.95503974;1
0.54661787;0
0.6663609;1
0.2376127;0
0.949077;1
0.51731056;1
0.9661094;1
0.8862689;1
0.8544245;0
0.7093233;0
0.51068556;0
0.56943136;1
0.8904343;1
0.9922305;1
0.8993095;1
0.9705048;1
0.8500716;1
0.703845;1
0.6579195;1
0.32353643;0
0.5024005;1
0.9985759;1
0.52319145;0
0.8695418;0
0.87777394;1
0.10791531;0
0.9232741;1
0.9469573;1
0.12078463;0
0.9803797;1
0.86204284;1
0.97289723;1
0.9452776;1
0.9428662;1
0.70241326;1
0.10071127;0
0.9940951;1
0.84565574;0
0.9330853;1
0.35974053;0
0.61104846;0
0.52496576;1
0.9733715;1
0.70417917;0
0.32764804;0
0.27198008;0
0.97923136;1
0.88668215;1
0.6975623;1
0.99315417;1
0.8254768;1
0.8219049;1
0.9922289;1
0.9855364;1
0.8344074;0
0.7520292;1
0.75542986;1
0.18594879;1
0.7607816;1
0.98296815;1
0.9923805;0
0.98664504;1
0.50209665;0
0.78098947;1
0.9864455;1
0.97187895;1
0.74024296;0
0.9497436;1
0.9983273;1
0.87609977;1
0.9835649;1
0.8061193;0
0.9608314;0
0.9792301;1
0.99937856;1
0.51950973;1
0.8033439;1
0.36468443;1
0.8605828;1
0.9638872;0
0.8916526;1
0.8840741;0
0.96208054;1
0.8124854;1
0.9007701;0
0.9516382;1
0.974556;1
0.7484896;1
0.890444;1
0.96091497;1
0.6507627;0
0.7456554;1
0.69683;0
0.84374565;1
0.5889265;0
0.99427974;1
0.42897677;0
0.5194696;0
0.62497187;1
0.86759;1
0.6212544;0
0.66188294;1
0.88531315;1
0.9679621;0
0.7050968;1
0.7818973;1
0.99401397;1
0.98601764;0
0.9642647;1
0.8609691;1
0.989282;1
0.51314014;0
0.5385655;1
0.61660486;1
0.5255316;1
0.927274;1
0.13222565;0
0.8433788;0
0.8251441;1
0.6452863;1
0.7716509;0
0.81133944;1
0.33675152;1
0.8258513;0
0.55831367;1
0.8619246;1
0.73950654;1
0.93973035;1
0.7204055;1
0.99550074;1
0.78351057;0
0.9177086;1
0.9884588;1
0.86841804;1
0.57684255;1
0.514979;1
0.53633976;0
0.9617739;1
0.8845421;0
0.7981857;0
0.9791007;1
0.749278;1
0.78397185;1
0.9042858;1
0.9952421;1
0.41749802;0
0.68452024;1
0.97098136;1
0.8714204;1
0.6844598;0
0.6146574;1
0.87778485;1
0.66570115;1
0.85025775;0
0.8498704;1
0.8871549;0
0.9600639;1
0.99530834;1
0.27656332;0
0.7754574;0
0.62282276;1
0.30746728;0
0.35467675;0
0.88727504;0
0.7198623;1
0.8669327;1
0.71530724;0
0.9989134;0
0.469396;1
0.9247925;1
0.94045687;1
0.69472724;1
0.10460973;0
0.9320865;1
0.55041724;0
0.54834306;0
0.64585483;0
0.962535;1
0.5403297;1
0.7720876;1
0.9918944;0
0.8878093;0
0.9844861;1
0.7095322;1
0.8462646;0
0.9138918;1
0.93413115;1
0.9215863;1
0.14056726;0
0.70780826;0
0.7514989;1
0.92364293;1
0.28588086;1
0.92442006;0
0.7006593;1
0.8401978;1
0.7871214;1
0.8917768;1
0.76680475;1
0.9917568;1
0.64136857;0
0.94631964;1
0.3627913;0
0.5290842;0
0.9918194;1
0.8789589;0
0.9652686;1
0.9996369;1
0.8145285;1
0.99383473;1
0.8435961;0
0.5946265;1
0.9384536;1
0.45108747;1
0.95446146;1
0.711329;1
0.9588574;0
0.91851264;1
0.8658459;1
0.63600886;0
0.5960792;1
0.98896104;1
0.5717111;0
0.9433862;1
0.7549518;0
0.79619205;0
0.52990055;1
0.1618526;0
0.4035896;0
0.5698466;1
0.9575036;1
0.15507807;0
0.93122286;1
0.44004378;1
0.9971731;1
0.5217152;0
0.9245145;1
0.7114672;1
0.9720428;1
0.97683847;1
0.9839565;1
0.94910216;1
0.9285641;0
0.89693326;1
0.6561346;1
0.8469045;1
0.9816305;1
0.99407554;1
0.9694872;0
0.087408476;0
0.7599733;1
0.34184638;0
0.82378834;1
0.6879391;0
0.71577656;0
0.90978765;0
0.54049134;1
0.41498947;0
0.816674;1
0.9977487;1
0.7915363;1
0.77611053;1
0.9987295;1
0.63979334;1
0.6154491;1
0.98252696;0
0.68580425;0
0.753692;0
0.9389692;1
0.8373279;1
0.58631986;0
0.8967602;1
0.6442387;1
0.9418792;1
0.5789744;1
0.5721936;0
0.9735171;1
0.9509933;1
0.98693246;1
0.27789456;0
0.9726254;0
0.74194646;1
0.82159007;1
0.7471837;1
0.88245773;1
0.99485755;1
0.99351054;1
0.91807586;0
0.7896815;1
0.90675527;0
0.79179615;0
0.39451075;0
0.96971536;1
0.73898286;0
0.76971954;1
0.6306749;0
0.25612137;0
0.43421295;1
0.89661807;1
0.6717519;0
0.7832891;1
0.45316115;1
0.26976553;0
0.956284;1
0.91452825;1
0.45415;1
0.9265695;1
0.858951;0
0.42353866;1
0.87549174;1
0.9709982;0
0.8410361;1
0.5942455;1
0.4665623;0
0.8068637;1
0.79300225;0
0.9658085;0
0.98497456;1
0.9948014;1
0.87658757;1
0.9755323;1
0.88522136;1
0.9908047;0
0.5947724;0
0.9319111;1
0.95953995;0
0.97900736;1
0.92273897;1
0.9690356;1
0.5944527;1
0.8697916;0
0.82860607;1
0.96761596;1
0.7823569;0
0.6441083;0
0.907541;1
0.9699607;1
0.27358922;0
0.9895678;1
0.98275316;1
0.7051324;1
0.46906435;0
0.9465627;1
0.6227299;0
0.9280651;1
0.91439027;1
0.9985825;1
0.85675085;1
0.5844219;1
0.7131117;0
0.98159224;0
0.3666813;0
0.7039392;0
0.9217024;1
0.78116983;0
0.7230489;1
0.8418656;1
0.9309546;1
0.7378792;0
0.8327435;0
0.99933237;0
0.8629679;1
0.82259995;0
0.6161713;0
0.8800523;0
0.82960606;0
0.8613642;1
0.644473;1
0.7546257;0
0.89397806;1
0.72173357;0
0.940057;1
0.7097932;0
0.9343226;0
0.897779;1
0.060784046;0
0.60731983;1
0.7055963;1
0.98581517;1
0.9925795;1
0.9803658;1
0.5762507;0
0.60675085;0
0.40440112;1
0.6312898;1
0.86842424;1
0.7262434;1
0.7272249;1
0.7855022;1
0.82936436;1
0.8283164;1
0.90650177;1
0.9769034;1
0.79734814;0
0.92606694;0
0.74443084;1
0.9259661;0
0.9866876;1
0.9040138;1
0.89635414;0
0.7788683;1
0.8899971;1
0.70946807;1
0.73305464;0
0.7782926;0
0.63088936;0
0.9930581;1
0.62667465;0
0.9951964;0
0.9529506;1
0.93510884;1
0.95587164;0
0.67678976;0
0.96999145;0
0.94664365;1
0.66883487;1
0.9398867;1
0.93466574;0
0.9937954;1
0.99848783;0
0.7908436;0
0.37393004;1
0.79752874;1
0.95615196;1
0.9512352;1
0.09114964;0
0.669749;1
0.85888493;1
0.71659446;1
0.7887903;1
0.3785448;0
0.19730164;0
0.37440225;0
0.89993024;0
0.55993074;1
0.49359602;0
0.60062325;1
0.9909162;1
0.99265164;1
0.80702364;0
0.7082307;0
0.6928399;1
0.971659;1
0.71890676;0
0.89771366;1
0.9400848;1
0.40146264;0
0.96638584;1
0.97209555;1
0.97956306;1
0.6443073;1
0.56909543;0
0.30677864;0
0.73439026;0
0.5815511;0
0.7452747;0
0.97958404;1
0.92745113;1
0.98720455;1
0.71414965;1
0.94208485;1
0.87469023;1
0.72882295;1
0.9937761;0
0.96520686;0
0.50421023;0
0.86726505;1
0.9638253;1
0.90635186;1
0.13801973;0
0.9853873;1
0.6016293;1
0.4401183;0
0.691658;1
0.9512721;1
0.86284035;1
0.6508629;1
0.7466858;0
0.68460864;0
0.84122276;1
0.98184043;1
0.9465313;1
0.9009486;1
0.9553322;1
0.99728036;1
0.7119467;1
0.9344911;1
0.25700814;0
0.6428461;0
0.40489405;0
0.9206844;1
0.80884606;1
0.9585278;1
0.7966027;1
0.8245641;1
0.9717496;1
0.48967192;1
0.46067554;1
0.20616803;0
0.26689664;0
0.66236883;1
0.89017785;1
0.8475569;0
0.78097814;0
0.9231376;1
0.9901215;1
0.92855215;0
0.8463826;1
0.5781017;0
0.35201073;0
0.9711237;1
0.41194063;1
0.8965261;1
0.8220512;1
0.6831442;1
0.9279689;0
0.73121154;0
0.67324215;1
0.8632376;0
0.9753015;1
0.52431804;1
0.9749018;1
0.6718318;0
0.1482348;1
0.97383714;1
0.5207948;1
0.80680484;0
0.90332574;0
0.63458043;1
0.781468;1
0.7307049;0
0.8875056;1
0.82095706;1
0.98773533;1
0.9586415;1
0.99761033;1
0.6572704;0
0.87354857;1
0.088186264;0
0.9717373;0
0.9571622;1
0.95332867;0
0.8883689;0
0.964521;1
0.9240144;1
0.6195027;1
0.1964611;0
0.8762849;1
0.7765288;0
0.7975622;1
0.1876979;0
0.999571;1
0.8015666;1
0.98540014;1
0.67403066;1
0.89962703;1
0.9266868;1
0.40650436;0
0.8620257;1
0.9055617;1
0.8837222;1
0.56526375;0
0.9988943;1
0.65956026;1
0.8162219;1
0.9845495;0
0.8880433;1
0.6103349;1
0.91572374;1
0.91040045;0
0.32402164;1
0.85563207;1
0.6278524;1
0.63297695;0
0.9960006;1
0.57017446;0
0.11734931;0
0.8590516;1
0.3609381;1
0.98822266;1
0.8875982;1
0.45436913;1
0.60367435;1
0.43493792;1
0.88119113;1
0.988648;1
0.9234994;1
0.9195807;1
0.89189893;1
0.93393946;1
0.85644025;0
0.9479333;1
0.9747244;0
0.8929666;1
0.30346507;0
0.4733797;0
0.9333838;1
0.7113803;0
0.8968982;1
0.93642;1
0.99306446;1
0.8763759;0
0.85543615;0
0.9808264;1
0.98982096;1
0.5494115;1
0.5569134;0
0.9913776;1
0.20688401;0
0.5821672;1
0.91686463;0
0.98761624;1
0.94251376;1
0.96484274;1
0.2716497;0
0.7120317;1
0.316407;0
0.9772903;1
0.8716913;1
0.49028268;1
0.5815381;1
0.906068;1
0.98655605;1
0.959133;0
0.8537554;1
0.73029315;0
0.98052454;0
0.24750465;1
0.80649245;1
0.9134149;1
0.96907187;1
0.580386;0
0.9970662;1
0.98445004;1
0.8341631;0
0.88746494;0
0.69720054;1
0.9018486;1
0.51904565;1
0.99242896;1
0.93280387;0
0.6110028;0
0.7075096;0
0.97157705;0
0.7193356;1
0.8018647;1
0.94895256;1
0.51374483;0
0.23734477;0
0.92928374;0
0.75261205;1
0.75867116;1
0.15879112;0
0.5423519;1
0.93784606;0
0.9973877;1
0.8708622;1
0.26152045;0
0.56928957;1
0.4945616;0
0.63489234;1
0.96975774;1
0.7506888;1
0.97053057;1
0.4760763;0
0.62474245;1
0.7874783;0
0.982605;1
0.9717775;1
0.28221753;1
0.9381692;0
0.47257027;0
0.99563855;1
0.43124598;1
0.47109583;1
0.8105969;0
0.80877197;1
0.46687868;0
0.71343786;0
0.81515473;1
0.99783605;1
0.7091075;1
0.99324566;1
0.9401591;0
0.6549029;1
0.75811034;1
0.9546246;0
0.8215347;1
0.5934719;0
0.59298545;1
0.9856337;0
0.96107876;1
0.58423364;0
0.8542447;1
0.86179787;1
0.9986946;1
0.70480436;1
0.90344703;1
0.64038295;0
0.3311106;0
0.9756221;1
0.88482517;1
0.81549674;1
0.8978253;1
0.96954435;1
0.5720276;1
0.7112294;0
0.9921193;1
0.9998865;1
0.96707;1
0.65138;0
0.971998;1
0.83389693;1
0.7765565;0
0.47558033;1
0.9733342;1
0.8477713;0
0.8821669;1
0.9587926;1
0.65702;1
0.8210718;1
0.8827972;1
0.2642386;0
0.8107376;1
0.3816453;0
0.49466813;0
0.9276188;1
0.7074241;1
0.66299576;0
0.8099577;1
0.7931777;0
0.82908773;1
0.5081067;0
0.90628606;1
0.8105667;1
0.9244192;1
0.48029405;0
0.95528054;1
0.651149;0
0.7713925;1
0.73366153;1
0.9400261;1
0.97137374;1
0.098599635;0
0.98345655;1
0.8023189;1
0.9590079;1
0.9901901;1
0.90209204;1
0.9257689;1
0.9517995;1
0.9369052;1
0.63288265;1
0.9762531;1
0.8496701;1
0.779808;1
0.5349663;1
0.83320534;1
0.1896772;0
0.59603024;1
0.53135437;1
0.9924982;1
0.73258805;0
0.8588931;0
0.9649241;0
0.52954483;0
0.68319535;0
0.84289855;1
0.9123162;1
0.5005774;1
0.28228155;0
0.99019927;0
0.84503454;0
0.8611647;0
0.9995658;1
0.94123864;1
0.9532192;1
0.66177887;0
0.61597097;0
0.21301337;0
0.557204;1
0.92557997;1
0.95509565;1
0.96466553;1
0.9969999;1
0.82121575;0
0.6282456;1
0.22124034;0
0.96054715;1
0.7423526;0
0.6153819;1
0.93604386;1
0.32399398;0
0.8163172;1
0.95207435;1
0.72404605;0
0.8466681;1
0.98614824;1
0.20956936;0
0.6224443;1
0.4265825;0
0.88835007;1
0.87496984;0
0.8940127;1
0.8762474;0
0.99311686;1
0.94304144;1
0.98352;1
0.9438723;1
0.44793147;0
0.7010346;1
0.68710995;1
0.2918159;0
0.9679473;1
0.59437084;0
0.65410775;1
0.8676637;0
0.6737354;1
0.7187863;0
0.20357834;0
0.99791986;1
0.86454237;1
0.5424962;1
0.18184091;1
0.75598866;1
0.9109774;1
0.9696278;1
0.61353534;1
0.97360307;1
0.96279305;1
0.7934804;0
0.7961499;0
0.9459848;1
0.9764773;1
0.5223226;1
0.9457925;1
0.9187255;1
0.6395925;0
0.6701467;0
0.940285;1
0.5263646;1
0.8036164;1
0.7223243;1
0.2801594;1
0.7868047;1
0.98940736;1
0.9936737;1
0.8670559;1
0.97356385;0
0.44767222;1
0.9168088;1
0.89549464;1
0.8266365;1
0.7268053;1
0.9368416;0
0.78050333;1
0.9690439;1
0.97830075;1
0.2775161;0
0.30265474;1
0.8877783;1
0.803522;0
0.13532992;0
0.9786224;1
0.927835;0
0.7877036;1
0.6004455;0
0.9965203;1
0.5720283;1
0.9898649;1
0.9812073;1
0.9611364;1
0.25034022;0
0.9341684;0
0.8929423;0
0.9705247;1
0.6755019;0
0.64886284;1
0.9315909;1
0.9715845;1
0.60712785;1
0.99256164;1
0.998632;0
0.63753545;1
0.8487455;1
0.7998512;0
0.97083575;1
0.43463445;1
0.8564299;1
0.9773717;0
0.7925427;1
0.9841628;1
0.95691645;1
0.7903768;1
0.967843;1
0.9582659;1
0.20565377;0
0.26941592;0
0.70028305;0
0.92790484;0
0.41652638;0
0.6015333;0
0.56800956;0
0.9832755;0
0.83096474;0
0.84716725;0
0.9752721;1
0.94915897;1
0.29456204;0
0.10491292;1
0.96955395;1
0.59721905;1
0.88581306;1
0.93938714;1
0.3202126;1
0.94237983;1
0.97341394;1
0.8449105;0
0.38872874;0
0.9129468;0
0.86207694;0
0.8657354;1
0.82366794;0
0.24639049;0
0.13739184;0
0.7951277;1
0.60416293;1
0.9935115;1
0.96212333;1
0.11238934;0
0.7150269;0
0.9160739;1
0.7912866;1
0.9837104;1
0.9997191;1
0.19382527;1
0.93947184;0
0.85124314;1
0.99691725;1
0.7815483;1
0.573389;1
0.8654471;1
0.5044123;0
0.9298983;1
0.6418393;1
0.6054085;1
0.999686;1
0.9424141;1
0.8182725;1
0.86956334;1
0.99738425;1
0.67044663;1
0.9630558;1
0.76123965;1
0.8039218;1
0.96763647;1
0.9626733;0
0.9994159;1
0.80828685;1
0.91500264;1
0.9290963;0
0.9966254;1
0.9693971;1
0.47829697;0
0.8894423;1
0.6132192;1
0.9225028;1
0.86197126;0
0.80641246;0
0.8394091;1
0.99271387;1
0.82644594;1
0.442197;0
0.58369136;0
0.9649221;1
0.8957541;1
0.96607244;1
0.7617812;1
0.9954971;1
0.08213326;1
0.79677105;1
0.28913867;0
0.9884701;1
0.95080614;1
0.9344798;1
0.7925415;1
0.7028055;0
0.7289206;0
0.50845563;0
0.3678609;0
0.99548584;1
0.71789676;0
0.5355651;0
0.94386524;1
0.9955051;1
0.9990299;1
0.99917406;1
0.7568956;1
0.69333994;1
0.86994064;1
0.51226157;0
0.74733144;1
0.99423134;0
0.6111402;0
0.6006412;0
0.35527667;0
0.84453577;1
0.9910095;1
0.95280415;1
0.8892524;1
0.99119145;1
0.41120815;0
0.96989846;1
0.97519946;1
0.77907723;0
0.8478762;0
0.81937695;0
0.948861;1
0.7912614;0
0.34139287;0
0.9984654;1
0.9290118;1
0.82585824;0
0.7268183;1
0.9911131;1
0.99198943;1
0.8936607;1
0.9630055;1
0.6363088;0
0.60774064;0
0.9098451;1
0.83810323;1
0.53549135;1
0.7959954;0
0.9021361;1
0.22957194;0
0.68777424;1
0.93892896;1
0.96466774;1
0.22593094;0
0.84026825;1
0.64176875;0
0.9870821;1
0.5297432;1
0.42861438;1
0.5083938;1
0.9701254;1
0.6757737;1
0.6805548;1
0.61479825;1
0.4491997;0
0.69213635;1
0.40643248;1
0.96142465;1
0.22874634;0
0.55791485;0
0.97537553;0
0.29666856;0
0.9876381;1
0.607384;1
0.8380371;1
0.5805972;0
0.92509234;1
0.75339425;0
0.9903358;1
0.57054394;0
0.787638;1
0.8540811;1
0.808388;0
0.8950239;0
0.9650978;0
0.74311924;1
0.9432549;1
0.9544356;1
0.76494014;1
0.8308519;1
0.99789774;1
0.9345131;1
0.3911371;1
0.9732887;1
0.94416714;1
0.8631532;1
0.82856745;1
0.6932259;1
0.59186614;0
0.6475379;0
0.8403683;1
0.5622392;0
0.94170827;1
0.7504567;1
0.9550127;0
0.96128464;1
0.92256343;1
0.42990938;0
0.7103619;0
0.62543035;1
0.8754569;0
0.76236343;1
0.94548416;1
0.9711992;1
0.4678522;1
0.96465164;1
0.8539379;1
0.90343934;1
0.70640576;0
0.4583474;1
0.8503654;1
0.3122072;0
0.8123312;0
0.98781955;1
0.4661762;0
0.94269913;1
0.90112793;1
0.8734998;0
0.74062943;1
0.98884004;1
0.94423866;1
0.98518306;1
0.96528125;1
0.7577796;1
0.7534592;1
0.94937027;1
0.6953115;1
0.8650915;1
0.8029645;0
0.99629056;1
0.7279042;1
0.98557216;1
0.8107724;1
0.42178747;0
0.8965403;1
0.16905338;0
0.7872686;1
0.92863;1
0.88028777;1
0.9909208;1
0.2967345;0
0.55163854;1
0.9953864;1
0.89747065;0
0.88235843;0
0.9833166;1
0.9147273;0
0.8319999;1
0.98641104;1
0.9888104;1
0.9473864;1
0.6903173;1
0.8027857;0
0.73512167;0
0.85517853;1
0.868216;1
0.9402885;1
0.65399456;1
0.9505875;0
0.97378844;0
0.83982736;1
0.98090094;1
0.62811357;1
0.98513246;1
0.9877307;0
0.5630304;0
0.84076816;1
0.8698317;1
0.49850312;0
0.29522613;0
0.5660352;0
0.22188553;0
0.85687023;0
0.17350917;0
0.8630517;1
0.90673864;0
0.7296124;0
0.99496514;1
0.76511276;1
0.917669;1
0.41909766;1
0.9400316;1
0.9927376;1
0.9848347;1
0.8885425;1
0.23190103;1
0.944439;1
0.986094;1
0.9424772;1
0.8428917;0
0.97630084;1
0.85509676;0
0.46712184;0
0.81861466;1
0.791393;1
0.4732955;0
0.9827466;0
0.97403234;1
0.9494529;1
0.9998497;1
0.53966653;1
0.88335013;0
0.99812335;1
0.95967805;1
0.9921548;1
0.73535943;1
0.74928087;0
0.11053557;0
0.6685155;0
0.6194258;0
0.7142982;0
0.67674327;0
0.46761322;0
0.9076264;0
0.9719419;1
0.8622159;1
0.9932996;1
0.65810907;0
0.19503167;0
0.6052637;1
0.7389731;0
0.86886495;1
0.9285196;1
0.9905804;0
0.89612204;0
0.9925889;1
0.8829285;1
0.9571287;1
0.8919643;1
0.8507936;1
0.9034593;1
0.96555614;1
0.6006906;1
0.6114059;0
0.8119146;1
0.44418997;1
0.20663255;0
0.84592545;0
0.96907544;0
0.9542035;1
0.85606045;1
0.7664267;1
0.79821783;1
0.9568063;1
0.89507776;0
0.7476049;1
0.97412544;1
0.8105065;0
0.62833834;0
0.98283374;1
0.98192525;1
0.6684118;0
0.999215;1
0.84101546;0
0.9935097;1
0.5334556;1
0.97301215;1
0.97106254;1
0.7174468;1
0.34082168;0
0.94354177;1
0.41203207;0
0.65747964;1
0.88416713;0
0.96549547;1
0.9754951;1
0.49221405;1
0.8972032;0
0.9845583;1
0.9248374;1
0.89146423;0
0.7509431;1
0.86417973;0
0.624214;0
0.69971037;1
0.9017889;0
0.9882564;1
0.9979899;1
0.9046606;1
0.8026233;1
0.99757177;1
0.9370403;1
0.8278379;1
0.9980458;1
0.5616582;0
0.88226646;0
0.95450926;1
0.57534134;0
0.65412754;1
0.95511556;1
0.9485057;1
0.6032528;1
0.9260123;1
0.48210824;0
0.1422354;1
0.9979803;1
0.88945544;1
0.8279436;1
0.8440385;1
0.9641842;1
0.9132065;0
0.81627315;0
0.9897317;0
0.5195941;1
0.93045104;1
0.6628716;0
0.5338689;0
0.12083175;0
0.9693561;0
0.7539538;0
0.9325398;1
0.7085494;0
0.9831597;1
0.5031053;0
0.7722308;1
0.9450367;1
0.70123464;1
0.979353;1
0.76285803;0
0.89146775;1
0.9995365;1
0.9996325;1
0.53332293;1
0.5732703;1
0.9642198;1
0.6370886;0
0.6427526;1
0.99416554;1
0.17981686;0
0.561166;0
0.9952159;1
0.8619366;0
0.22811532;0
0.71838176;0
0.57545906;0
0.6420034;1
0.6186776;0
0.8924461;1
0.95289445;1
0.8934637;0
0.3760292;0
0.58328414;0
0.95598894;1
0.8344913;1
0.9858066;1
0.8714005;0
0.387608;0
0.9927128;1
0.80183804;1
0.98166865;0
0.7377715;0
0.8442143;1
0.46526492;0
0.67098975;1
0.87324864;1
0.64556664;0
0.9165957;1
0.8694826;1
0.81433594;1
0.80301034;0
0.07048728;0
0.9825423;1
0.6550674;1
0.40232715;1
0.7993284;1
0.6908051;1
0.83551854;0
0.6425138;1
0.5073358;0
0.8673588;1
0.6884461;1
0.7960975;0
0.7847937;1
0.999532;1
0.21131897;0
0.97573054;1
0.96392316;1
0.9309449;1
0.72689;1
0.9696163;1
0.6182073;1
0.71562237;0
0.83183163;1
0.9436581;1
0.777431;1
0.6474463;1
0.91164696;1
0.634456;1
0.9563896;1
0.6887916;0
0.97928417;1
0.9132724;1
0.46691483;0
0.46981084;0
0.318147;0
0.29042843;0
0.3626114;0
